test 0 FAIL

program output:

1 2 3 3 4 5 5 6
4

expected output:

false

test 1 FAIL

program output:

18 38 42 18 71 76 51 59 83 29 92 77 27 36 2 63 79 31 74 87 2 46 99 5 27 73 98 2 33 94 25 90 6 79 13 41 63 8 44 53 46 62 60 50 36 97 23 31 81 88 29 78 59 5 20 75 65 35 28 26 85 74 24 89 69 33 36 39 58 53 23 74 17 57 55 41 4 54 100 73 96 88 73 7 82 39 7 96 67 94 83 3 9 39 95 52 39 26 34 49 74 97 95 20 65 98 42 78 34 17 38 93 85 76 45 47 30 24 58 24 58 60 88 22 18 97 81 4 32 98 27 92 4 14 88 43 88 62 30 27 86 83 82 20 13 11 77 20 15 45 78 91 6 25 14 72 49 54 29 22 76 85 18 96 15 21 59 98 23 75 54 80 9 76 35 27 37 1 69 62 59 71 13 39 29 66 71 79 65 62 40 72 29 47 27 90 35 28 75 10 89 70 49 6 36 65 89 44 34 73 55 32 49 100 91 70 10 88 80 81 38 46 100 92 94 14 72 72 75 33 66 10 97 79 34 98 92 95 74 38 18 80 68 49 23 80 14 69 55 2 77 19 12 97 49 69 52 49 9 81 59 34 47 86 50 87 52 58 54 34 29 97 51 99 85 39 41 67 31 28 53 88 52 95 99 28 6 5 49 96 100 1 14 47 57 51 97 88 63 59 89 46 92 61 96 77 32 45 95 63 89 98 70 54 33 98 85 84 47 48 28 42 75 43 47 89 74 67 87 5 72 77 84 5 22 5 75 6 11 55 8 54 88 45 75 28 36 49 34 74 50 38 3 8 88 71 95 72 51 40 2 49 12 73 80 96 25 52 47 58 11 62 71 65 35 70 59 19 73 49 78 2 7 66 28 16 61 14 29 5 60 95 5 68 18 49 73 20 89 80 1 82 56 99 89 19 55 26 34 74 72 37 16 15 84 16 18 15 7 27 31 81 79 21 5 97 68 80 93 71 14 43 23 71 83 63 96 77 25 42 13 97 45 90 81 87 21 8 96 99 6 42 87 8 65 60 57 20 30 83 27 71 81 76 34 35 82 89 27 61 12 86 56 93 75 2 67 86 36 32 49 94 90 42 88 94 57 38 30 87 96 6 7 68 29 91 85 30 78 91 94 18 8 36 61 7 86 51 11 8 3 38 94 55 40 81 6 78 94 97 52 44 16 52 83 58 67 90 46 29 49 43 44 89 17 6 57 37 79 68 15 11 36 6 70 33 45 29 13 78 83 42 21 68 76 22 100 70 24 92 65 76 24 87 70 97 33 59 61 64 61 35 18 97 30 94 67 29 17 43 68 49 20 63 39 19 77 35 45 25 19 9 69 60 14 98 27 34 66 18 1 64 17 25 47 27 48 38 57 49 57 99 76 21 56 84 61 87 48 10 91 19 49 90 95 26 39 97 38 98 72 77 33 12 41 34 29 94 83 11 97 91 37 27 17 33 23 98 21 80 29 88 7 31 83 63 21 70 20 14 75 71 7 91 62 42 19 94 70 44 73 50 36 93 47 34 71 56 91 46 1 74 77 94 20 4 70 35 29 47 38 41 69 14 95 58 72 49 18 11 41 9 22 91 29 79 13 28 58 63 36 41 88 41 77 63 89 32 74 45 33 21 8 36 49 84 45 4 43 91 43 50 76 45 87 20 70 79 45 5 8 54 57 26 63 94 1 73 66 100 77 6 84 50 87 36 80 83 59 50 44 74 54 37 45 84 22 41 25 10 32 24 6 91 56 16 91 45 23 3 75 90 23 11 80 30 79 72 48 50 100 86 61 52 13 32 47 93 8 87 81 96 24 50 50 38 62 23 72 97 86 98 70 10 42 100 63 4 17 56 79 57 57 30 30 72 40 16 31 43 72 9 64 94 20 3 55 37 57 27 55 71 1 59 18 49 70 8 27 3 16 23 86 73 97 89 32 23 41 89 2 98 58 7 78 36 73 4 71 69 58 48 98 78 34 53 31 78 67 61 59 32 59 39 54 96 32 61 13 72 96 49 3 81 21 58 81 7 75 94 64 12 89 93 26 92 38 46 2 18 39 5 4 43 92 19 18 51 88 81 36 58 14 14 87 21 90 26 22 10 43 30 55 98 64 46 63 82 87 14 73 81 10 21 60 55 38 38 50 35 71 32 8 9 23 59 99 16 87 3 19 69 14 4 87 37 8 16 99 30 35 1 67 54 1 33 11 16 57 19 81 27 71 48 90 24 78 100 38 25 7 20 66 70 50 89 25 47 86 43
10

expected output:

false

test 2 FAIL

program output:

1 2 2 3
2

expected output:

true

test 3 FAIL

program output:

1 2 3 4 5
2

expected output:

false

test 4 FAIL

program output:

1 2 3 3 4 4 5 6
4

expected output:

true

test 5 FAIL

program output:

3 2 1 2 3 4 3 4 5 9 10 11
3

expected output:

true

test 6 FAIL

program output:

12 1 12 7 4 9 5 12 6 9 4 9 9 2 4 4 13 8 10 5 10 7 3 12 10 10 5 7 12 7 11 10 9 3 3 12 4 5 7 1 8 9 6 12 6 4 13 10 4 5 9 5 3 4 1 8 13 8 7 10 4 13 5 12 10 7 7 12 10 12 11 4 8 11 3 12 4 7 14 4 3 11 4 10 12 6 8 12 2 5 11 11 3 6 7 1 1 5 9 10 7 8 8 4 8 12 6 10 3 9 7 7 11 10 12 8 11 4 4 7 5 10 9 5 3 5 10 14 2 8 14 9 13 7 7 7 3 13 10 6 12 10 10 9 8 8 4 9 10 2 11 6 4 14 2 7 1 5 5 5 7 5 9 11 8 12 4 5 10 1 9 13 7 5 7 9 9 10 8 13 1 11 7 3 5 2 5 12 10 9 1 7 10 4 12 2 10 9 4 5 9 7 13 10 3 10 8 6 6 9 6 6 11 6 9 9 6 8 1 1 13 12 9 13 6 11 7 10 5 13 11 11 10 2 12 8 5 6 7 3 7 1 3 7 2 7 1 7 9 10 13 4 6 7 9 6 10 8 11 11 8 10 6 8 11 9 5 5 11 8 11 5 3 7 10 9 10 9 10 12 13 1 9 5 8 11 5 4 1 7 6 7 12 10 14 11 9 12 8 12 12 4 10 6 9 10 11 6 11 9 7 5 10 9 7 8 13 5 10 10 7 9 11 3 10 4 13 7 9 10 10 6 11 9 12 12 6 10 6 7 12 10 11 9 5 6 9 8 5 2 7 1 10 11 8 11 5 8 6 5 11 8 5 6 8 11 12 11 5 5 6 13 13 11 8 10 7 11 9 13 6 4 3 11 9 8 13 4 8 8 11 3 11 3 10 8 2 9 10 10 5 7 8 12 10 4 5 5 10 8 6 3 11 8 9 4 8 5 11 8 12 10 7 6 5 8 6 5 7 3 9 5 8 10 7 7 7 8 6 3 6 3 12 6 10 5 8 11 5 14 10 9 13 3 5 12 13 4 10 7 12 5 3 11 2 4 2 8 5 11 9 7 2 5 5 3 2 7 4 2 5 14 9 6 8 11 5 1 8 9 4 2 6 8 14 10 10 4 8 5 5 14 8 8 4 10 9 9 4 8 4 10 9 4 10 9 7 11 8 7 13 6 4 8 4 8 13 10 12 12 9 11 5 9 10 9 8 5 6 7 5 9 7 11 7 6 8 5 3 4 4 7 4 13 7 4 7 5 6 2 8 11 9 11 4 7 11 9 11 2 4 7 8 6 3 2 5 13 3 2 4 4 5 3 6 7 7 8 7 5 10 7 9 5 10 4 6 6 2 8 7 8 2 4 4 4 10 7 4 4 7 10 11 8 7 12 13 4 4 9 11 11 12 4 9 11 4 7 11 8 4 10 7 10 5 4 3 13 3 8 2 11 5 9 6 14 9 5 7 10 5 12 6 1 6 12 3 14 7 7 12 10 12 11 12 12 6 11 8 3 5 8 5 8 12 9 12 12 7 9 7 7 7 12 4 7 8 10 9 6 4 9 5 13 5 4 8 12 13 10 4 5 5 7 12 9 10 3 9 5 4 4 14 8 5 5 7 11 8 8 2 3 5 12 2 10 6 11 7 11 9 9 3 3 11 5 11 6 5 8 7 8 9 4 1 11 7 11 3 8 5 10 5 4 6 2 5 13 9 6 7 7 2 9 6 13 7 1 12 11 14 5 4 4 9 5 10 11 1 7 10 2 4 7 7 10 8 7 6 12 8 9 10 3 5 12 3 5 5 6 6 4 2 3 9 2 11 7 12 7 8 7 11 3 11 5 4 11 8 11 5 12 10 6 12 2 6 8 11 7 8 5 4 6 9 11 7 2 7 6 5 9 10 3 5 6 1 2 4 4 8 12 1 6 6 5 9 11 10 9 12 8 6 8 7 6 5 7 5 12 3 14 13 8 3 11 10 13 7 1 9 11 8 6 9 9 6 6 8 12 5 6 11 3 11 8 12 3 10 6 3 5 13 9 1 14 3 8 13 1 2 6 10 5 7 12 10 8 4 13 5 12 5 14 9 7 11 3 10 4 7 6 6 13 2 11 3 8 3 7 7 6 8 5 8 6 10 11 6 8 14 13 5 6 6 8 6 4 6 4 5 4 9 2 4 10 7 7 10 11 6 13 9 7 8 5 5 3 6 4 7 4 4 3 4 4 5 4 7 10 11 5 8 11 5 10 14 9 8 3 6 5 4 9 14 3 1 13 2 9 9 8 4 10 14 10 10 11 12 5 8 2 8 7 11 4 10 6 9 10 6 1 10 6 9 11 5 4 8 4 9 11 5 9 6 5 13 9 10 10 6 6 6 9 8 7 5 6 9 10 5 1 10 3 3 8 10 6 14 10 10 3 12 10 9 3 2 5 10 8 10 10 6 11 7 5 5 10 7 12 1 11 13 7 14 6 5 7 8 1 7 11 12 4 8 4 8 7 6 9 10 9 4 7 7 9 9 8 12 7 7 9 11 11 10 9 2 7 5 11 3 6 10 13 8 8 10 9 8 4 7 10 7 7 9 11 10 12 10 5 6 2 4 9 5 11 6 4 6 4 6 14 9 11 9 5 7 10 11 10 13 4 4 11 3 12 10 2 10 3 11 5 4 6 6 3 6 7 6 6 14 10 11 7 12 9 4 5 8 7 8 4 9 7 8 3 5 10 8 7 10 13 9 5 9 7 10 8 6 2 6 10 9 10 5 6 6 7 8 3 8 8 10 3 7 8 5 7 7 2 7 7 4 10 11 7 5 10 6 2 5 8 12 8 5 5 5 3 7 8 13 8 3 13 4 3 13 5 11 10 4 5 6 12 2 11 11 4 6 4 3 6 4 12 6 8 3 6 9 13 7 5 6 7 5 10 5 7 5 6 14 7 9 6 10 8 6 9 11 7 6 4 6 14 8 10 7 13 3 9 8 2 9 11 12 10 5 8 10 8 14 11 8 5 11 13 10 10 13 6 6 5 3 10 11 8 7 8 4 11 9 4 4 6 12 5 7 5 4 10 3 8 2 6 5 7 10 9 10 11 11 11 13 6 5 11 6 9 4 4 7 11 13 5 6 7 7 10 10 8 11 13 10 10 6 14 8 6 9 3 6 3 6 7 10 13 9 5 5 8 12 13 8 10 5 11 5 8 8 5 1 6 12 14 4 5 3 2 8 9 6 7 11 8 5 7 7 13 9 5 3 11 14 9 12 9 4 9 11 5 13 7 6 9 3 8 5 6 5 9 9 1 10 10 5 8 3 10 14 10 5 5 11 9 13 10 13 11 6 10 11 11 9 3 10 10 13 12 9 9 10 10 4 8 12 4 5 6 2 13 9 9 12 9 11 7 7 8 9 6 10 10 8 8 9 4 7 4 6 11 4 10 7 10 3 12 9 7 5 4 11 10 10 8 11 9 5 5 8 2 6 8 7 5 7 6 6 6 8 8 12 14 9 10 7 9 11 7 11 7 5 6 6 8 4 6 13 5 2 11 6 10 12 1 7 10 13 6 7 1 6 11 3 4 6 6 7 3 9 10 9 5 11 6 8 9 2 7 1 4 7 4 5 8 10 3 2 12 2 7 11 5 7 10 1 4 10 6 4 7 9 9 8 10 10 7 10 4 6 13 10 10 8 12 13 7 13 11 6 4 10 9 12 5 7 6 10 5 12 13 6 2 11 1 8 3 5 5 9 11 3 9 9 7 6 6 4 7 8 7 6 8 13 1 8 4 5 7 2 5 12 3 1 12 4 10 9 7 6 3 13 6 11 8 8 8 3 13 6 9 5 8 2 3 2 7 9 7 14 2 6 13 1 2 12 6 10 10 14 7 8 11 4 3 12 9 5 7 2 11 5 11 9 14 8 10 8 13 9 3 5 9 14 13 6 10 2 5 6 6 5 11 13 3 12 9 5 1 1 6 6 10 7 5 2 7 13 9 1 11 6 12 3 10 10 7 6 5 7 3 13 11 13 8 14 8 4 10 8 14 12 10 9 10 13 2 10 6 12 8 2 11 3 8 6 6 10 10 7 3 6 11 7 9 6 8 10 1 1 12 6 8 6 13 4 9 6 4 7 9 6 2 9 6 7 3 14 10 13 12 10 10 2 8 10 9 12 2 13 4 7 5 3 7 4 7 6 12 10 11 5 7 13 8 5 9 10 8 7 13 4 5 9 5 8 11 6 11 11 10 8 10 5 9 5 4 7 3 6 9 13 13 8 9 7 3 2 10 13 5 9 10 3 10 6 13 8 12 6 8 4 5 5 10 3 2 12 8 10 6 5 3 8 8 9 8 11 9 9 7 12 12 11 11 6 7 9 6 12 9 3 9 5 9 9 6 13 4 10 13 10 10 7 5 7 11 6 11 4 5 9 5 10 8 1 7 7 5 4 5 12 10 3 10 1 10 11 3 6 13 12 8 3 8 5 7 3 4 14 8 9 4 11 11 6 6 9 6 3 11 6 8 4 12 5 7 7 14 14 12 5 7 7 3 13 13 7 11 12 8 3 8 9 11 4 3 4 14 9 13 8 9 2 4 11 4 6 3 4 8 9 8 5 5 5 13 5 5 7 2 9 10 8 4 13 5 4 2 11 11 2 8 5 5 6 5 6 13 10 9 9 4 7 6 12 5 10 12 6 1 7 10 6 8 12 11 9 13 11 2 5 10 7 11 9 4 4 10 4 5 3 5 11 4 9 14 8 5 8 6 7 13 2 5 5 11 9 11 4 10 10 8 13 4 9 12 10 7 13 8 9 3 8 12 5 9 8 4 10 7 8 13 2 4 2 4 8 7 5 6 6 14 9 6 7 4 8 8 13 13 7 5 4 12 10 5 12 11 7 6 11 6 13 9 8 11 5 13 3 9 3 8 8 9 4 10 11 5 8 7 8 4 3 6 4 9 4 13 9 7 6 11 5 6 11 7 8 2 3 10 9 5 14 9 13 3 12 13 9 4 2 6 7 5 3 10 9 7 9 4 7 8 5 3 4 10 14 11 5 5 8 5 9 8 12 8 11 8 12 13 1 4 8 9 14 3 8 9 10 9 10 6 8 7 11 6 12 6 5 10 3 11 6 9 1 11 5 10 10 8 8 10 12 1 9 5 6 3 9 10 2 11 12 8 4 3 7 8 10 7 13 8 7 11 10 12 8 9 5 10 4 5 12 10 11 13 6 5 8 8 4 13 4 9 5 1 11 4 3 4 7 9 7 12 11 5 10 2 3 8 5 7 4 14 11 3 6 6 4 3 11 10 7 3 6 4 8 7 9 14 14 3 9 11 12 10 1 14 11 3 10 7 6 7 11 10 8 2 7 4 6 4 3 9 6 6 4 8 4 9 10 6 11 6 8 6 3 7 6 9 11 11 8 11 3 5 6 6 9 13 3 11 6 4 8 10 7 10 7 6 8 7 10 12 7 6 10 7 8 8 9 11 8 7 5 8 5 2 4 6 6 6 8 3 4 4 7 7 4 14 9 6 10 6 4 12 14 12 4 11 6 8 8 7 8 7 1 6 10 6 4 12 5 7 5 6 11 6 13 8 8 11 9 5 8 7 5 6 10 7 10 5 5 13 4 6 7 7 4 7 12 7 8 10 4 5 8 9 1 5 4 6 4 2 10 5 12 4 6 3 7 5 6 5 14 12 3 12 9 8 7 8 3 12 4 5 11 6 9 1 4 4 12 5 9 4 6 12 2 13 9 10 2 7 7 14 4 5 6 10 7 4 3 3 7 9 9 11 5 4 4 7 1 7 6 9 4 4 6 5 8 5 7 8 12 2 11 11 10 6 2 6 11 8 8 8 12 5 12 9 8 7 6 7 3 8 8 8 7 8 8 9 7 6 7 3 12 11 8 10 5 8 5 12 12 3 5 9 9 7 6 6 11 13 7 12 7 8 8 4 7 9 7 7 2 6 5 8 12 5 11 5 5 5 4 11 7 6 12 9 12 2 13 10 12 9 4 7 9 5 4 11 6 8 10 8 12 4 6 10 9 5 9 6 10 4 6 7 11 1 8 3 8 7 4 6 7 8 5 7 5 2 8 10 4 4 10 7 9 14 10 12 2 4 2 11 12 4 6 5 11 5 6 7 7 9 3 7 6 5 4 12 12 5 10 11 10 6 12 13 7 9 4 8 7 11 9 11 5 3 10 11 5 7 11 4 5 13 1 2 10 9 7 6 9 9 8 10 5 8 12 3 6 3 12 5 9 7 4 6 3 4 3 9 9 4 12 9 9 6 10 4 5 3 11 6 9 11 5 3 9 4 6 12 13 7 2 10 12 10 10 9 9 4 10 6 4 10 9 10 6 10 4 10 9 12 10 13 7 11 6 9 7 2 10 10 7 4 9 8 9 11 5 9 12 7 5 9 3 11 6 5 9 13 8 3 11 11 11 6 5 4 7 13 4 7 12 6 2 4 10 5 3 3 9 4 11 2 3 5 10 12 8 6 3 2 8 5 10 7 8 14 4 10 8 10 11 6 7 11 12 8 9 10 9 10 4 13 5 10 8 8 3 6 5 3 5 8 13 3 4 8 3 9 6 7 10 4 3 1 7 3 2 12 12 10 7 4 9 5 7 5 5 9 7 7 9 5 3 7 6 5 3 6 4 7 10 6 11 11 7 5 10 9 7 2 3 9 13 3 7 10 14 9 8 2 9 2 9 8 11 8 3 5 11 9 12 12 2 11 4 8 10 7 7 2 6 12 5 5 3 8 4 8 7 3 14 6 7 7 2 1 8 7 6 11 4 6 10 9 11 10 8 6 6 6 8 5 10 12 11 3 6 3 9 1 8 4 6 7 3 7 9 7 8 7 11 11 6 7 8 4 6 5 7 10 10 2 3 11 6 5 7 6 9 9 11 9 6 13 9 5 14 9 10 9 11 14 5 8 2 8 11 3 6 6 10 3 9 8 11 9 10 5 6 4 2 3 5 11 10 7 10 11 8 3 7 14 13 9 5 7 1 9 8 6 7 6 8 4 7 11 9 9 9 9 10 10 11 9 9 3 11 12 8 7 6 7 5 1 11 11 9 6 11 3 9 3 11 7 13 2 5 5 9 10 8 6 13 14 7 1 9 12 5 7 4 4 6 7 7 3 6 10 9 4 8 7 11 8 6 3 9 6 11 2 6 5 5 11 11 11 7 6 5 6 8 8 8 12 9 3 11 7 5 11 11 10 7 10 8 4 12 7 5 9 5 6 13 4 12 8 8 10 7 7 10 8 13 6 10 9 11 9 1 12 7 12 9 6 10 2 5 1 4 12 9 8 8 5 6 10 7 3 8 4 7 4 4 3 7 12 6 3 10 10 2 5 12 4 1 9 5 8 6 11 7 7 3 8 7 2 10 9 7 7 5 6 7 9 7 2 5 10 7 3 2 10 9 8 8 10 6 14 9 9 7 2 1 9 6 4 11 13 7 13 13 8 8 10 9 2 5 6 5 5 9 5 9 4 10 9 10 5 11 9 14 7 8 1 5 1 7 10 6 7 9 13 11 9 5 5 11 9 2 2 10 9 9 12 6 11 9 5 9 4 8 12 9 7 7 6 4 4 7 3 7 10 12 1 3 6 6 10 3 9 4 7 7 3 3 9 5 9 4 11 3 8 13 5 10 10 8 4 3 12 11 6 9 5 12 8 4 10 8 6 4 12 9 2 3 8 4 4 5 4 14 12 11 9 7 6 9 12 6 12 8 6 10 8 3 5 8 9 3 4 7 13 9 3 9 8 2 4 8 7 10 5 11 3 9 13 9 7 7 4 10 3 5 11 6 4 11 13 4 5 14 4 11 12 3 10 1 10 7 4 11 3 8 6 11 7 12 7 13 1 7 3 13 3 8 9 7 10 8 8 3 5 5 10 3 6 8 8 10 13 6 5 9 4 5 11 10 13 14 9 5 10 6 11 10 9 11 12 9 5 12 4 9 5 12 5 4 9 8 3 4 5 12 3 11 2 4 13 9 7 10 8 11 11 12 4 6 3 12 4 6 3 7 7 14 10 2 6 4 5 11 3 10 10 10 8 9 7 2 13 5 7 5 4 10 12 5 9 8 7 3 7 6 8 9 9 7 14 8 5 6 3 1 9 6 5 4 8 5 7 10 7 4 4 4 14 9 9 4 10 1 11 7 9 2 11 2 1 11 9 12 10 2 9 9 5 11 6 7 4 9 8 7 7 9 9 3 4 3 9 8 7 6 5 2 9 9 5 12 3 6 7 11 7 5 9 11 2 3 13 11 11 14 9 5 11 7 4 4 10 4 12 10 11 2 10 10 13 3 14 3 6 10 11 10 13 6 8 8 7 5 9 4 2 4 9 9 4 5 13 3 11 10 2 8 7 9 11 5 10 10 14 13 8 9 8 6 10 8 3 9 8 1 1 6 9 8 6 9 4 10 9 7 4 11 10 8 8 10 5 10 11 7 5 7 10 5 6 11 10 6 3 1 3 8 4 11 8 9 7 8 5 12 5 7 10 8 8 3 8 5 7 3 6 3 9 4 12 8 11 9 5 7 5 4 8 12 7 4 8 7 8 11 7 4 6 14 10 3 8 11 6 7 5 5 2 6 12 4 6 10 10 3 10 6 2 6 9 3 7 12 7 10 9 14 9 8 8 4 7 7 7 13 5 10 2 8 3 8 10 7 3 10 7 5 9 11 5 13 10 5 11 10 8 10 8 4 9 2 4 10 6 5 6 10 5 10 6 9 8 3 8 5 9 8 5 2 3 6 4 4 10 6 11 7 9 10 5 7 9 8 13 5 12 8 5 2 11 12 2 2 8 4 7 3 3 3 9 7 6 9 8 11 11 4 11 10 6 7 13 9 4 2 10 6 2 10 12 5 9 10 8 6 11 5 4 6 4 5 7 11 6 13 6 8 5 6 3 11 6 9 11 3 13 7 4 12 9 6 8 3 10 9 9 10 1 6 12 1 4 11 6 5 14 5 4 7 12 11 12 2 7 7 10 10 14 4 7 1 13 7 6 3 10 10 11 5 8 4 5 6 5 5 8 13 9 9 10 13 9 9 9 10 3 9 5 2 7 12 6 3 6 4 4 5 10 7 5 11 5 8 10 3 10 4 8 9 12 4 2 11 7 5 2 4 6 7 5 7 9 2 11 4 9 5 9 9 4 12 7 13 2 10 5 6 3 4 8 11 8 8 2 3 6 4 9 6 8 12 6 9 9 7 12 12 8 11 9 2 9 8 10 3 11 7 7 7 5 3 12 7 2 7 4 9 7 11 8 12 10 9 6 2 8 9 5 11 3 7 5 12 6 6 8 11 4 11 9 11 4 2 6 2 2 13 1 7 5 12 7 14 1 5 5 5 2 5 9 7 10 6 12 10 9 13 5 10 5 1 11 5 3 11 9 4 4 5 3 4 9 3 2 9 5 5 4 3 6 6 7 12 6 12 4 7 5 5 12 12 6 7 9 7 11 6 7 12 10 5 10 9 7 10 4 11 5 7 9 7 6 8 4 5 10 9 9 11 7 5 14 12 10 7 7 11 4 8 10 8 10 9 12 3 2 2 5 7 10 3 9 8 11 6 12 11 5 4 13 4 7 5 12 11 12 13 9 10 11 3 9 6 2 12 6 13 5 8 5 9 9 9 6 2 3 9 4 9 6 10 12 5 8 5 8 5 4 9 10 10 12 9 6 10 13 4 9 4 9 9 6 8 8 4 6 5 8 14 13 3 14 7 3 11 13 4 7 5 14 6 10 11 7 4 6 8 12 4 9 8 7 11 11 6 13 4 4 9 6 11 5 13 7 6 6 2 6 10 7 2 5 8 7 9 9 6 6 4 9 4 11 7 11 8 9 6 7 9 8 4 6 4 3 5 5 10 6 13 13 4 3 6 7 11 7 7 10 8 6 11 10 7 8 4 3 12 10 12 14 11 10 5 6 9 12 7 14 3 3 11 7 6 12 9 5 10 6 10 11 8 11 6 12 7 11 11 5 8 1 10 7 8 9 2 8 1 6 5 6 2 5 12 4 10 6 8 8 3 9 8 11 7 9 6 8 11 13 2 7 12 12 11 3 10 5 5 8 8 2 9 5 7 6 4 14 4 13 10 6 4 9 3 9 9 12 6 10 10 3 9 12 4 5 8 9 12 8 4 12 5 10 8 12 5 10 7 3 6 3 4 7 10 7 8 12 10 2 12 11 6 11 10 10 9 2 11 3 4 12 9 5 3 11 6 7 10 7 10 4 8 9 11 5 5 5 10 5 7 11 12 13 9 3 6 1 13 4 13 13 11 9 11 9 5 13 4 10 9 8 1 8 6 8 7 9 10 11 13 6 2 4 2 14 1 6 6 3 4 9 10 4 8 7 5 9 10 3 10 2 6 5 1 8 10 9 3 4 10 11 3 11 10 5 3 6 12 12 10 4 10 4 7 8 10 9 3 7 10 5 10 7 5 4 4 11 7 2 11 12 14 2 11 5 10 9 12 12 10 5 11 7 10 7 10 13 8 8 5 5 3 5 8 11 5 2 4 7 4 3 2 13 7 4 12 5 8 4 2 6 1 11 8 11 12 11 11 6 3 6 1 4 2 14 3 5 12 6 8 8 11 8 6 8 5 10 7 6 4 13 4 10 10 4 8 10 10 8 9 12 6 6 11 8 1 6 5 9 8 8 4 3 8 11 12 5 11 7 13 11 2 5 9 10 5 2 11 2 12 8 6 5 8 13 5 8 11 5 8 10 11 1 9 6 5 14 2 2 6 6 2 11 13 9 7 9 10 4 5 8 8 3 1 7 8 12 5 4 11 13 5 4 10 6 7 3 5 5 11 5 10 13 9 11 9 12 10 4 5 14 13 9 10 2 8 7 13 7 5 7 8 14 10 14 3 11 6 4 9 6 9 4 3 10 7 10 6 4 8 5 5 5 8 5 5 5 2 1 9 9 12 8 11 8 13 7 7 5 3 12 9 8 11 5 6 5 11 14 1 7 7 13 8 7 8 8 10 10 5 10 11 4 7 8 8 10 2 7 5 10 13 13 3 4 6 8 8 14 13 4 7 7 5 12 11 12 4 6 10 3 6 4 10 7 8 10 11 7 6 14 10 7 5 10 10 4 4 3 2 4 12 10 5 7 9 14 6 7 8 13 2 4 4 6 9 12 9 5 9 9 6 11 7 10 13 3 7 14 6 2 8 10 7 8 9 2 5 10 10 11 11 10 10 12 8 1 9 9 6 4 12 10 10 5 4 14 7 13 9 7 8 7 7 5 12 6 9 4 1 9 5 10 6 9 9 3 12 6 8 6 4 12 12 3 11 14 9 5 11 11 13 10 6 5 10 6 3 12 4 12 9 11 2 14 11 8 6 8 2 11 11 13 9 6 13 11 4 4 6 11 7 5 7 10 9 4 9 12 2 7 7 3 12 9 8 9 9 3 5 6 12 9 13 10 14 3 4 8 1 3 11 8 8 4 8 11 10 9 4 9 9 6 10 10 13 4 10 7 8 6 10 9 13 9 7 8 8 11 9 4 12 1 11 7 9 6 4 6 8 3 9 10 8 6 8 3 9 6 10 2 4 5 10 11 5 9 7 9 8 9 8 10 4 4 3 9 5 8 5 5 3 6 8 6 8 9 5 12 4 7 4 5 6 13 3 12 5 9 8 8 3 3 6 8 5 9 12 2 2 9 13 8 10 2 10 8 3 4 7 5 5 12 9 4 7 5 9 7 8 8 4 9 11 9 13 11 7 6 1 10 8 10 9 7 7 11 8 1 8 11 8 6 3 10 8 9 13 10 11 12 9 7 11 6 6 6 12 11 11 6 10 13 4 7 9 8 8 9 13 4 5 1 4 10 4 6 9 4 10 9 8 11 6 6 11 11 6 14 14 10 13 6 4 5 10 11 4 6 12 1 5 10 5 10 8 4 10 7 12 10 5 8 10 8 11 6 14 7 6 5 2 2 7 10 12 12 7 14 5 1 9 11 9 8 9 8 13 4 5 11 9 10 5 7 9 6 8 7 7 7 9 13 7 14 7 11 14 3 9 13 7 9 11 8 2 7 8 13 10 4 8 6 6 5 12 8 9 10 12 5 5 7 7 3 5 7 2 8 11 11 11 5 4 9 12 5 9 7 6 1 4 7 2 7 7 10 2 13 7 11 13 11 7 6 4 12 6 14 10 3 3 9 9 8 8 12 14 3 14 14 10 5 4 3 3 7 9 5 13 7 9 10 3 7 2 4 12 8 8 10 9 3 6 11 12 9 9 8 12 12 8 8 7 11 11 9 3 4 4 6 9 7 11 4 13 3 8 9 9 7 9 14 4 10 9 5 5 3 10 10 6 6 6 6 10 6 4 11 14 10 8 8 7 9 4 9 10 4 10 5 11 13 8 11 6 7 4 7 8 4 11 6 5 11 14 7 12 8 5 5 7 10 7 5 9 2 9 3 11 2 11 4 7 8 7 2 11 8 9 9 8 5 5 7 9 6 4 11 5 10 6 2 6 7 5 6 7 7 9 5 10 8 6 4 9 13 13 4 2 5 7 9 7 7 7 3 5 10 3 5 5 7 11 11 9 7 8 10 13 13 4 7 11 11 12 5 12 2 8 8 5 12 10 10 14 14 7 13 9 7 6 5 14 6 6 11 8 4 6 7 4 9 7 9 8 6 13 10 5 11 7 6 7 5 6 11 5 12 14 9 10 13 5 9 1 5 5 8 10 7 5 4 8 3 4 11 10 10 6 1 8 12 6 11 6 6 8 4 13 7 9 3 6 7 4 6 12 10 5 10 9 11 7 10 10 12 2 12 7 12 8 4 7 8 3 6 2 8 4 10 13 7 6 3 2 2 4 8 4 12 10 3 5 8 5 5 3 11 6 11 5 10 8 13 9 6 12 12 4 12 13 5 5 13 7 9 7 5 9 10 9 4 10 3 7 10 2 8 9 11 3 9 5 10 4 9 8 8 8 4 11 8 9 12 11 3 7 11 5 9 13 3 4 6 3 8 6 3 4 7 8 5 6 7 7 10 8 3 10 12 5 9 11 2 8 9 6 7 10 13 3 6 12 6 11 12 2 13 11 6 5 8 4 7 7 6 6 8 4 6 5 6 11 6 11 9 6 11 4 10 1 10 3 3 11 8 1 7 3 11 4 5 10 6 3 13 10 12 11 13 13 8 14 10 11 12 10 10 14 10 6 8 14 6 14 10 10 7 11 12 2 13 5 5 8 3 8 4 4 9 5 6 2 5 5 7 4 10 5 8 13 8 12 11 11 6 7 5 5 5 6 9 2 1 13 10 6 8 10 1 9 1 9 5 11 9 13 10 8 8 10 5 6 12 1 6 4 13 5 5 5 5 10 2 13 9 10 6 4 11 4 8 9 4 9 11 4 3 10 4 7 12 3 3 10 5 5 4 10 4 8 9 3 14 10 12 8 11 9 8 5 11 9 5 7 7 6 5 6 7 12 11 4 1 10 11 7 12 9 12 11 8 4 9 4 3 6 10 14 9 7 1 6 3 10 4 14 9 9 13 9 10 10 9 11 4 4 11 11 10 11 12 5 4 11 8 10 8 1 6 5 4 7 10 5 11 5 14 12 10 10 4 8 10 10 3 7 7 8 6 5 6 2 11 6 6 6 4 5 8 5 10 13 11 12 14 4 8 10 3 9 11 6 6 10 3 5 6 8 5 5 3 10 2 5 2 9 6 6 4 12 10 12 9 14 9 13 8 6 11 4 6 6 6 5 8 10 7 12 9 11 14 11 6 3 7 6 9 6 10 5 10 8 5 12 7 7 11 7 4 2 8 3 6 6 8 9 6 11 6 4 10 10 4 12 8 10 11 6 3 12 3 8 8 6 7 8 10 6 10 7 10 10 10 7 5 4 10 8 8 9 5 8 9 10 5 12 14 8 8 9 9 3 9 11 7 4 9 13 5 10 5 10 9 3 8 10 6 4 11 2 5 6 11 11 6 5 8 4 9 9 3 8 5 7 14 7 7 10 8 12 9 7 8 8 6 9 2 6 7 8 7 14 7 1 3 5 8 13 10 12 2 8 8 14 2 10 7 9 4 3 2 2 10 6 5 9 11 9 5 9 8 11 3 4 14 12 2 4 8 12 14 12 12 7 14 8 7 7 10 6 7 12 7 3 4 8 7 7 9 5 12 5 9 13 13 2 4 11 4 8 9 13 11 1 1 10 7 12 10 3 10 9 3 11 10 2 8 11 12 9 6 3 4 6 2 10 8 7 3 7 8 12 4 3 11 7 8 4 8 12 9 8 13 5 6 5 13 8 3 9 7 10 8 2 11 8 2 6 11 14 9 7 12 9 4 9 7 2 5 4 12 12 2 8 10 4 6 4 9 10 11 3 13 8 9 6 7 9 5 8 3 7 8 14 6 8 6 6 9 7 10 10 6 2 8 9 12 11 11 7 10 9 5 4 6 12 4 9 12 6 9 1 2 4 10 6 10 7 7 2 7 6 9 9 13 4 5 10 7 7 10 12 4 9 3 13 7 3 9 5 4 12 6 6 13 3 3 7 1 8 11 14 9 11 10 3 2 4 10 9 5 11 10 12 14 14 7 14 12 9 3 4 9 2 4 1 10 11 7 4 9 3 6 7 5 4 4 10 6 8 12 6 13 14 5 7 4 13 9 7 3 2 11 6 2 11 11 12 9 12 5 9 1 5 14 7 6 5 2 9 6 10 6 6 6 10 5 9 4 6 7 2 2 13 9 8 7 13 12 6 10 8 12 5 11 5 9 3 10 7 12 8 6 9 2 9 8 5 8 4 9 8 9 11 4 5 2 13 2 4 6 8 5 1 2 2 11 6 5 3 4 10 8 7 4 8 9 11 4 14 14 8 8 10 3 8 7 13 3 13 8 7 3 9 7 10 3 7 5 6 6 6 12 8 7 8 3 7 12 9 8 4 7 7 8 9 10 8 10 6 6 3 4 5 12 13 5 9 10 14 8 5 5 9 13 11 8 13 12 12 8 5 13 6 4 4 13 2 6 11 3 10 3 7 13 7 3 10 9 12 9 7 2 10 13 12 3 11 8 2 6 4 4 8 9 7 4 2 7 3 10 10 11 6 6 9 12 4 4 8 9 13 13 4 10 11 13 7 7 3 4 2 13 7 2 6 5 9 6 6 10 9 10 5 1 8 6 4 14 8 14 7 9 9 11 11 1 5 10 9 8 9 12 12 10 4 1 8 2 11 8 9 11 7 9 1 9 7 10 7 1 4 13 6 5 6 14 4 14 10 5 12 12 12 6 4 2 10 6 9 6 4 2 7 8 6 10 1 8 9 8 7 12 6 8 7 8 6 6 12 6 4 3 12 7 3 12 3 8 9 8 10 9 11 6 10 10 6 5 10 2 7 8 7 10 11 3 5 5 9 9 3 11 5 3 6 9 3 5 5 3 7 11 14 7 5 7 3 8 3 5 6 13 12 11 3 7 11 5 4 12 11 6 10 5 13 6 8 8 10 6 5 4 11 9 11 3 9 7 10 9 11 12 13 9 9 7 9 6 14 13 9 8 4 9 13 6 8 4 6 9 4 8 11 5 5 4 8 5 4 5 3 7 6 7 4 11 2 4 8 9 11 9 6 9 2 11 5 10 13 4 9 8 1 12 9 10 8 1 9 10 2 7 12 2 1 9 3 9 10 6 6 4 4 6 10 7 5 11 10 12 4 8 1 5 9 7 8 6 11 6 6 4 2 11 7 10 10 11 2 7 7 11 4 10 8 1 13 6 7 12 12 7 9 11 1 6 9 6 11 8 11 11 11 10 11 8 9 3 9 10 1 7 10 5 6 12 10 8 4 9 1 8 3 7 7 11 11 4 11 13 11 5 7 10 4 6 6 8 11 9 10 14 9 9 14 6 8 10 5 12 8 10 13 13 8 6 7 7 6 11 8 11 7 7 13 6 2 10 6 12 10 7 6 13 8 8 8 7 9 9 7 12 5 11 10 5 4 4 6 8 3 9 13 10 7 3 7 6 5 9 6 13 8 11 5 12 6 12 1 12 5 10 6 9 5 5 11 8 8 9 1 8 12 3 10 7 4 8 10 5 8 7 14 8 7 7 10 4 9 11 7 10 3 14 4 10 12 3 9 7 6 2 5 2 9 8 9 7 11 5 8 1 6 9 11 13 6 4 8 13 3 11 9 10 13 5 8 11 10 8 2 10 4 9 4 10 3 8 5 2 10 4 7 5 9 12 10 8 8 2 2 6 13 7 8 4 9 7 3 11 8 13 5 7 12 9 14 5 4 8 6 12 13 12 3 9 5 12 10 9 9 10 6 4 9 4 12 8 13 10 1 3 1 9 1 10 9 3 6 9 7 4 11 5 10 9 6 11 3 4 5 6 12 5 14 5 5 9 9 2 6 8 2 4 10 9 10 11 5 9 6 7 6 11 13 10 7 9 9 8 9 10 10 4 9 4 6 10 11 11 9 12 13 10 12 12 6 9 11 10 7 9 11 8 8 11 13 2 5 10 5 11 9 8 4 7 9 4 11 10 3 13 4 7 10 11 11 8 8 4 8 13 7 2 9 2 9 10 9 3 9 13 10 6 3 11 14 5 5 5 10 10 6 8 4 7 5 9 7 4 4 5 10 10 4 4 5 13 12 12 5 5 8 10 10 9 14 12 6 3 10 10 10 14 6 3 10 8 10 5 3 4 11 5 6 6 2 13 7 6 7 4 12 11 1 5 4 6 7 4 10 10 10 4 8 10 5 12 12 5 13 9 5 7 7 10 5 5 5 7 9 5 11 11 8 12 8 9 9 9 9 3 8 4 10 12 6 14 8 11 13 5 6 5 14 5 13 8 11 5 1 5 3 10 10 6 5 12 1 6 5 6 10 6 2 9 4 12 6 10 6 5 5 4 4 9 9 8 3 4 2 9 3 8 6 5 5 11 7 11 11 11 6 11 8 6 2 6 11 12 7 7 8 10 3 6 12 9 5 9 10 2 10 8 7 5 5 10 6 2 6 13 4 7 6 11 9 10 10 3 10 7 13 5 8 7 8 8 11 12 7 3 6 3 3 4 4 2 3 9 13 12 7 8 1 7 7 4 11 5 5 9 7 8 4 1 6 5 8 8 11 4 13 8 10 5 9 10 8 5 5 11 4 9 10 12 8 7 10 10 1 9 5 11 9 10 1 10 7 9 4 13 6 12 3 2 4 5 9 8 12 14 7 11 6 8 7 7 4 3 2 9 9 3 8 4 11 5 5 6 7 5 1 5 9 6 2 8 8 6 6 3 9 5 6 13 2 8 7 4 11 8 8 7 3 10 5 4 12 13 6 8 4 10 5 2 2 7 2 6 5 11 1 14 9 12 4 6 5 4 4 13 6 12 3 4 11 8 10 11 12 6 4 8 7 6 6 13 4 3 3 5 10 8 10 4 8 5 10 9 3 8 12 10 10 11 5 9 6 10 3 12 7 4 6 8 10 1 10 13 6 8 11 11 5 13 5 5 6 9 9 5 10 9 5 1 4 1 11 12 8 8 11 9 11 7 4 7 5 3 13 8 8 10 11 9 6 3 3 8 12 6 6 8 9 8 1 7 6 6 11 3 8 8 12 9 6 4 13 12 7 8 11 9 5 7 13 3 8 11 5 14 11 11 6 9 10 9 6 6 9 6 6 7 8 6 13 4 9 12 6 11 13 12 7 5 2 12 8 7 6 10 4 14 7 9 5 11 10 6 3 1 9 8 4 14 9 9 13 10 6 8 6 5 7 7 5 2 11 4 3 6 6 10 3 9 1 12 6 14 11 10 5 9 5 10 11 5 14 2 3 10 7 10 3 10 2 10 11 6 10 9 6 4 7 8 10 10 9 10 1 8 8 3 11 4 2 7 6 6 10 12 3 7 10 8 10 9 7 7 13 8 3 11 1 8 5 8 11 5 6 12 11 3 11 7 7 10 6 10 11 6 11 7 9 6 10 7 6 12 10 6 12 3 6 5 4 2 13 5 5 3 9 6 13 1 10 6 5 5 4 9 4 8 8 10 5 5 4 8 9 9 4 7 6 12 8 6 8 6 12 8 7 14 8 8 10 8 6 14 12 6 10 8 13 9 2 6 6 6 7 9 9 11 3 11 14 9 4 10 2 9 9 2 4 10 7 5 7 10 8 3 4 9 9 5 7 4 10 10 6 9 11 9 13 5 2 6 3 7 9 2 3 3 9 3 9 9 12 7 5 11 10 4 5 4 7 11 6 13 11 5 13 10 8 4 8 8 8 8 6 8 6 9 8 6 6 12 10 4 3 12 3 10 11 9 14 7 10 4 4 5 5 8 7 5 9 10 5 11 11 8 11 5 6 3 6 12 10 11 5 10 7 2 9 5 10 10 10 5 7 9 2 7 10 13 12 7 5 11 4 2 11 5 6 8 4 13 7 2 8 5 5 9 9 10 10 9 6 7 4 11 6 8 7 12 8 4 14 5 8 7 13 14 10 7 8 12 13 7 5 8 4 10 5 4 10 8 6 4 8 12 9 7 3 7 6 10 7 11 7 6 4 9 6 6 5 11 6 9 6 9 2 11 10 5 8 7 4 3 7 2 7 5 11 6 9 10 10 6 14 11 7 13 9 11 11 8 10 8 7 10 11 4 2 1 3 11 3 6 4 11 7 5 6 14 11 7 11 7 4 1 7 5 4 7 12 4 3 11 10 5 12 13 8 10 6 10 6 4 6 3 12 7 6 4 9 13 7 12 1 6 9 5 5 5 12 8 4 8 10 5 10 8 9 9 7 13 8 8 12 4 6 1 3 4 10 11 8 6 10 6 1 5 4 6 3 10 3 7 11 8 6 11 4 1 8 12 1 5 5 8 10 6 9 8 2 14 5 13 11 1 9 11 6 13 11 8 6 3 10 14 7 3 5 11 5 2 6 11 5 11 10 12 5 10 11 12 7 6 11 7 7 11 10 12 10 3 9 4 5 3 3 4 9 5 11 5 8 6 8 8 12 7 13 9 10 8 7 13 6 7 10 2 7 4 8 5 8 9 9 13 10 6 8 9 7 14 7 1 6 11 9 10 11 5 8 4 11 6 12 11 5 2 9 8 4 7 8 6 6 3 9 10 12 6 11 10 9 12 4 8 4 9 3 6 8 10 8 11 5 4 7 6 3 2 7 10 13 5 11 4 8 14 3 3 1 9 5 5 6 10 4 7 8 9 4 10 7 7 5 7 4 10 13 10 5 12 10 8 5 6 7 2 9 5 10 13 9 6 4 4 6 4 9 14 10 9 10 10 9 6 5 11 4 7 5 7 6 6 7 11 1 10 7 5 12 12 4 4 6 8 2 1 7 5 6 11 5 8 9 10 8 5 13 11 5 11 12 2 12 6 14 9 8 11 6 5 4 5 6 3 7 10 6 5 10 1 6 7 8 8 7 4 9 6 8 4 10 2 9 13 10 5 14 4 12 9 4 12 11 14 11 11 3 11 6 3 12 5 2 14 9 8 4 9 11 1 1 5 8 8 5 14 11 4 8 9 5 7 4 9 12 6 8 4 7 1 11 4 4 10 12 4 8 2 10 6 9 9 14 12 5 9 4 13 9 12 4 9 9 7 4 7 8 8 10 9 4 10 7 7 4 5 13 11 14 5 2 7 13 8 1 4 11 7 12 11 3 2 10 10 5 7 8 9 9 1 3 7 6 9 11 14 4 9 11 2 7 6 7 3 5 4 7 13 10 5 11 6 4 6 4 6 13 5 10 10 13 11 12 13 7 6 11 5 8 11 7 2 9 5 4 8 8 6 10 2 4 10 6 6 8 10 9 4 8 8 4 13 7 7 8 5 13 8 5 12 4 4 10 10 5 7 9 10 11 5 13 5 1 2 4 7 9 6 10 5 9 10 8 8 9 6 6 7 9 3 1 2 3 6 5 5 3 4 7 5 2 10 5 2 5 13 10 10 10 5 3 4 11 9 9 13 12 6 5 14 6 10 5 4 2 2 5 12 3 3 12 11 4 4 10 8 8 11 12 6 12 8 4 9 7 10 7 4 10 7 9 8 8 7 10 14 14 7 12 7 9 13 11 13 8 9 6 9 4 13 3 8 5 14 6 11 8 8 9 10 9 9 7 6 4 5 6 1 9 7 4 10 3 12 8 3 12 8 6 8 7 11 8 3 10 2 2 6 3 6 1 10 7 7 10 12 13 4 13 9 8 13 12 5 2 11 3 6 10 4 8 8 5 9 8 4 3 7 11 6 12 4 10 5 10 4 6 5 12 10 12 6 7 8 10 7 8 3 9 5 7 2 2 2 7 9 4 7 9 2 8 5 11 3 13 11 13 4 11 9 14 9 13 5 10 5 12 3 6 7 12 14 7 2 11 3 4 10 6 10 4 3 10 2 14 9 4 9 10 3 7 3 4 5 9 12 12 13 9 12 12 9 5 9 6 7 11 7 11 7 9 9 5 2 5 7 6 5 10 14 5 6 10 6 6 6 3 8 5 11 14 9 2 10 4 4 1 13 6 2 6 8 11 4 10 1 9 5 6 4 6 2 6 10 9 6 2 5 5 11 13 8 9 4 13 7 8 6 10 10 11 4 13 12 7 5 13 10 8 10 9 3 10 5 11 10 11 4 3 7 11 10 11 2 6 12 5 6 11 12 11 8 10 7 4 7 11 9 4 5 9 5 10 13 3 11 6 13 3 6 3 6 10 4 7 2 4 1 11 7 5 4 4 12 10 5 2 1 8 3 8 7 1 9 8 7 8 2 6 9 1 11 2 8 4 10 10 8 13 6 4 6 10 10 10 1 2 13 7 5 11 3 6 6 4 8 12 13 10 5 9 9 9 6 14 8 4 10 11 3 7 8 3 6 10 7 11 12 13 11 4 5 9 11 4 7 10 9 8 3 1 9 9 12 7 12 7 4 13 9 3 9 8 6 10 11 11 10 13 5 4 3 9 4 14 7 8 12 11 6 5 9 7 8 7 10 7 10 11 3 1 9 5 4 5 3 8 4 8 11 7 9 13 7 8 14 4 8 9 14 11 14 2 12 5 10 11 5 11 8 12 5 7 12 4 11 7 12 4 11 9 9 6 9 10 10 6 3 1 9 2 7 12 12 11 12 2 2 4 9 5 12 6 11 14 6 9 7 7 9 3 5 8 7 14 6 12 3 12 12 8 9 10 9 10 3 13 9 13 11 2 11 7 13 5 10 12 2 7 10 10 13 4 11 6 9 6 4 3 11 13 5 10 10 10 3 9 6 7 9 4 10 7 8 3 8 7 6 4 3 8 10 6 10 6 14 9 7 7 5 10 9 8 6 5 6 4 9 10 14 11 13 4 12 14 9 5 11 5 5 8 13 1 5 4 4 12 12 5 13 7 5 12 12 13 5 10 5 3 4 4 13 1 4 3 13 8 6 9 3 8 9 7 11 6 8 8 5 9 4 8 13 12 2 7 7 7 13 3 3 6 10 6 11 7 6 10 13 5 2 10 8 5 2 8 9 10 7 12 5 4 5 4 3 7 5 8 5 6 10 11 12 10 4 6 12 5 8 6 5 5 3 10 5 9 9 10 12 7 6 12 7 6 4 11 5 9 5 7 12 12 6 6 3 8 10 10 11 8 5 14 10 8 13 8 6 5 1 12 12 5 10 13 7 6 11 11 13 10 1 12 7 4 13 3 13 10 12 12 7 6 4 4 6 9 4 2 8 5 5 5 8 1 3 1 5 12 8 4 7 4 11 6 6 9 7 9 11 10 5 10 11 4 6 6 1 5 13 11 11 8 2 10 2 4 10 4 8 8 8 13 6 5 8 5 12 9 5 9 9 11 13 6 11 5 6 11 6 5 9 8 13 11 8 5 11 3 3 9 5 4 7 8 12 5 11 5 10 11 12 10 11 5 5 6 6 5 10 3 10 7 4 11 12 5 9 8 7 12 10 9 12 5 6 4 1 10 2 7 10 3 8 1 12 5 2 3 8 9 4 8 6 11 6 12 6 10 5 3 6 13 1 10 10 10 6 12 8 4 14 6 4 5 6 10 5 7 3 11 6 5 4 5 8 11 13 3 5 6 2 11 4 7 3 2 5 8 12 4 10 9 13 2 10 5 13 1 10 11 6 5 9 4 8 9 3 11 7 2 10 2 4 7 6 9 8 11 10 11 9 2 8 4 8 12 6 5 7 2 10 5 7 8 5 13 10 10 5 13 8 7 5 4 12 5 4 7 10 7 7 9 7 6 6 4 6 7 8 3 13 8 5 14 12 5 6 6 7 11 9 7 3 11 3 13 5 9 12 4 8 4 2 6 9 9 12 10 13 7 6 9 14 10 8 10 13 6 8 5 10 12 2 10 9 8 3 13 7 10 6 4 10 10 11 10 8 3 12 10 11 6 9 11 11 6 4 7 10 7 3 7 9 7 7 4 11 7 9 9 5 10 8 11 8 8 4 9 8 10 8 3 7 1 3 6 3 8 7 9 11 7 12 3 6 12 2 10 10 9 3 10 12 7 4 9 8 8 4 7 3 10 10 10 4 1 10 8 5 11 4 10 7 13 3 12 8 14 9 5 8 5 6 4 10 11 11 3 8 4 4 2 8 11 11 12 10 5 6 8 1 8 10 3 7 13 11 2 4 6 2 4 6 9 7 9 8 7 7 4 10 11 7 13 4 6 5 5 3 13 12 7 12 9 8 4 9 2 7 2 6 2 6 10 4 5 9 8 7 7 4 2 10 2 4 12 11 6 7 7 4 5 11 6 11 9 3 3 10 9 6 11 7 7 12 11 4 9 11 2 11 6 8 3 12 4 8 9 8 5 1 11 9 14 6 7 12 12 12 3 6 11 9 8 8 12 4 6 11 12 5 6 2 10 3 9 9 9 6 11 14 2 1 7 7 7 6 3 7 11 11 4 13 11 7 14 11 10 7 11 11 4 10 10 5 6 6 5 7 12 7 6 12 13 10 4 8 9 6 14 6 5 7 10 5 6 11 3 2 7 10 7 5 4 12 9 1 7 8 4 12 10 6 7 9 2 8 7 10 7 10 8 7 11 11 9 5 10 12 5 3 5 1 2 8 5 6 9 3 8 13 4 11 7 2 3 5 13 9 8 8 6 12 3 10 1 5 9 5 10 6 6 3 9 10 3 14 4 8 10 10 5 6 8 12 7 9 8 4 5 6 9 11 11 6 5 5 3 13 6 5 11 6 8 6 11 3 8 9 9 6 11 9 10 11 6 9 4 8 10 7 8 7 4 7 10 10 9 2 6 4 5 6 8 10 12 1 4 12 5 11 11 5 10 9 2 3 4 14 10 11 3 10 11 3 8 3 6 4 4 6 9 6 8 4 7 8 10 8 5 6 14 5 6 14 6 2 10 3 7 5 4 8 4 3 7 6 11 13 11 7 3 13 9 14 11 2 11 9 5 5 7 1 5 10 12 13 4 9 4 12 5 5 4 11 9 8 12 2 9 5 4 3 14 12 4 5 6 7 11 4 8 8 5 6 7 8 1 5 13 1 6 9 10 10 4 9 13 9 10 9 3 11 10 5 5 8 8 8 1 6 6 13 8 10 5 8 5 13 13 14 12 3 14 7 10 13 9 10 4 14 5 6 4 7 9 4 5 8 9 9 11 14 4 4 7 8 8 10 11 8 13 3 6 9 9 12 12 10 4 7 8 2 5 6 2 12 8 3 9 7 3 6 14 6 7 6 8 8 13 6 10 4 6 6 3 9 10 4 3 8 10 2 11 10 11 9 9 5 14 7 8 4 8 4 9 8 12 13 9 6 2 6 4 8 6 3 8 7 2 6 6 5 4 5 12 8 7 9 14 10 3 4 3 7 3 3 7 7 14 7 6 4 6 3 6 13 10 4 5 11 7 3 4 8 7 3 3 8 9 5 10 11 10 7 14 8 4 11 7 6 10 2 6 8 11 8 7 9 10 12 9 4 7 7 6 6 13 9 11 6 9 4 5 7 11 13 5 7 4 6 6 8 4 6 7 6 3 1 4 7 7 3 6 4 6 10 12 7 9 9 10 5 8 12 7 8 7 12 7 5 12 5 5 14 9 8 9 10 10 3 5 6 10 5 12 11 9 7 10 11 2 9 13 9 8 2 5 10 10 6 9 5 9 2 7 10 12 6 5 7 6 4 11 13 2 4 10 5 10 5 2 6 10 9 8 14 7 13 10 5 5 3 9 3 5 9 6 3 8 3 8 12 10 9 4 2 9 10 5 11 8 12 9 8 3 3 11 10 14 8 3 14 12 7 11 12 4 10 11 11 9 9 7 2 10 13 4 9 7 8 7 7 7 4 8 5 13 8 5 1 12 11 10 9 6 3 5 6 10 3 4 6 9 10 5 11 8 10 10 6 7 10 4 5 6 10 12 4 9 11 4 7 1 6 9 1 3 8 5 7 7 5 7 4 8 2 10 8 5 11 2 9 4 9 13 3 7 10 5 1 3 9 5 4 3 7 8 10 7 3 10 10 4 5 11 7 8 14 14 9 7 8 5 11 10 2 8 2 6 9 3 6 6 8 13 3 2 12 5 10 12 8 4 14 5 9 7 3 13 13 9 7 8 1 9 7 4 3 5 10 4 4 3 4 12 6 8 8 8 11 7 9 2 3 13 3 10 4 13 10 4 9 9 10 9 5 10 7 14 9 6 6 7 8 5 12 7 7 9 11 1 11 8 7 11 9 11 3 6 13 10 9 13 10 5 9 5 8 7 14 5 11 7 9 11 7 8 6 13 1 6 6 4 8 13 8 7 8 11 7 12 5 11 4 5 5 7 4 4 5 5 5 10 7 6 8 10 2 9 4 11 12 7 10 10 8 8 8 4 7 11 13 4 7 6 10 11 10 4 12 3 6 3 13 10 6 8 7 10 5 5 5 6 5 6 3 1 8 9 8 6 10 2 10 11 9 4 2 5 7 3 4 2 2 6 7 9 7 10 5 8 5 7 6 3 10 4 11 7 7 1 7 2 10 11 5 10 7 7 5 8 3 5 3 9 4 5 5 3 3 10 6 9 5 4 3 9 5 4 10 11 7 12 4 9 10 6 2 11 11 9 7 6 4 8 3 10 2 3 11 3 2 4 4 6 8 6 6 3 6 13 12 10 4 10 11 7 2 7 10 7 9 6 11 5 10 10 2 4 9 7 13 6 1 12 7 6 4 5 4 8 11 8 10 11 8 3 8 6 2 8 3 6 3 7 4 8 9 10 4 9 12 3 2 1 2 8 13 10 9 6 5 7 2 11 6 3 10 6 12 9 13 10 8 10 6 6 11 12 6 6 8 9 5 8 14 5 12 14 5 4 10 8 10 5 8 8 4 11 4 7 11 4 2 12 10 14 4 12 9 8 6 11 14 11 12 2 6 12 3 8 10 6 7 12 10 5 4 5 11 4 11 9 11 2 7 6 7 5 12 11 7 10 4 11 7 10 8 6 9 13 4 5 7 9 11 9 4 7 3 10 13 12 12 7 6 9 6 4 11 8 8 7 11 12 5 7 6 12 7 3 8 10 6 10 11 6 6 3 6 7 3 5 7 8 11 9 7 6 2 9 1 5 5 3 8 3 3 5 7 9 9 8 11 8 5 5 13 6 9 11 5 4 12 10 6 9 9 10 8 8 5 11 4 4 6 10 7 4 7 11 9 5 6 9 6 10 10 9 5 5 12 11 3 10 14 2 6 11 8 10 5 8 9 8 5 9 5 2 9 5 2 11 6 3 9 8 8 8 7 10 3 3 2 5 7 7 13 4 5 10 9 10 9 9 12 5 5 11 5 8 5 7 9 3 11 11 4 4 8 10 7 13 10 8 3 5 10 8 11 10 2 10 7 10 9 10 3 7 8 5 12 11 2 11 11 7 12 14 1 5 12 11 11 8 9 14 5 2 5 10 7 5 7 8 14 9 6 13 3 10 4 1 12 10 5 9 11 7 11 3 9 2 12 9 11 6 3 11 7 11 3 8 8 2 5 10 8 4 3 4 4 14 5 8 9 9 10 4 2 5 8 9 10 6 8 8 5 10 6 4 10 12 5 12 4 4 13 7 2 8 8 13 10 1 10 8 4 9 4 7 8 4 11 10 12 1 6 12 10 4 5 2 1 10 6 9 4 9 9 6 10 10 14 8 6 9 8 8 3 7 10 3 9 12 4 10 7 9 4 12 7 9 6 7 10 5 7 6 8 5 13 12 11 3 11 5 5 6 10 10 8 10 13 12 4 11 4 10 6 12 8 5 13 4 10 7 7 6 2 10 2 9 4 12 5 4 12 3 5 13 10 13 3 10 7 7 4 12 10 11 10 8 6 7 7 7 8 8 11 8 2 11 1 11 13 8 7 7 11 5 13 5 5 6 10 9 10 2 12 7 9 3 8 9 4 12 3 8 6 12 6 11 9 5 10 5 2 4 12 12 5 13 12 11 12 9 10 6 7 5 4 12 9 8 9 7 2 8 6 10 3 10 11 5 7 10 3 5 7 7 10 3 4 6 10 8 10 14 4 12 11 8 2 9 12 5 7 8 4 2 11 9 9 4 11 8 3 7 7 11 8 7 10 4 6 6 4 11 11 9 6 2 10 12 6 6 14 11 12 14 4 8 6 9 12 5 5 4 4 9 11 4 2 12 6 6 10 7 11 5 4 4 2 10 11 11 5 5 6 12 7 5 8 10 10 8 5 3 11 7 14 12 3 12 6 4 11 3 11 6 6 2 6 3 6 10 12 8 4 6 8 2 4 11 13 13 3 3 9 6 7 3 4 5 7 7 14 12 5 1 9 5 7 10 5 6 14 8 7 13 11 7 3 12 10 4 5 10 2 7 7 9 9 13 12 2 10 2 6 3 3 9 6 8 5 3 10 5 5 3 6 10 5 4 9 11 10 2 9 7 9 5 13 10 7 6 10 1 7 7 11 10 3 6 7 9 12 7 6 7 10 11 7 7 8 13 2 9 7 11 3 10 7 8 9 8 10 12 6 9 2 14 6 8 2 12 6 10 4 7 6 9 5 8 3 7 6 7 4 9 3 10 7 7 8 6 10 10 10 7 10 8 1 6 10 10 4 5 7 8 6 10 2 5 2 8 9 8 9 11 6 5 9 9 10 14 2 11 14 5 4 4 11 1 7 5 8 9 7 12 13 5 9 8 5 7 8 3 13 3 10 4 9 6 9 3 7 7 5 13 4 4 6 12 12 9 11 13 5 6 8 7 4 8 11 10 4 11 8 2 11 13 3 8 11 12 4 12 7 12 8 9 4 10 5 10 5 6 11 12 7 5 8 6 3 13 2 6 5 4 7 5 4 10 9 4 5 9 7 7 7 10 8 13 8 7 9 10 6 7 13 7 9 7 6 8 11 7 14 5 12 9 5 9 8 7 5 5 3 14 6 11 2 5 7 9 5 7 10 3 2 11 5 4 10 6 12 11 6 6 10 4 9 5 4 10 5 3 5 11 5 5 13 10 7 11 4 12 13 5 6 8 10 9 6 4 3 3 3 10 14 10 10 7 3 4 7 6 8 9 11 5 8 13 13 6 10 3 9 2 3 9 6 6 13 11 5 11 4 2 9 7 7 6 6 1 4 6 5 11 14 6 9 9 6 8 2 10 3 7 9 5 5 7 11 8 4 8 10 9 8 9 8 11 11 8 12 5 7 10 5 5 14 5 10 12 7 5 7 10 11 5 6 12 3 3 6 7 5 10 14 8 14 7 4 7 7 6 10 12 12 12 9 8 10 1 11 8 12 8 7 10 5 9 5 11 13 8 8 6 4 7 5 11 4 9 5 2 7 6 4 3 14 14 5 12 14 2 9 13 5 6 8 8 3 7 6 4 7 7 10 10 2 12 6 13 5 6 8 4 6 10 5 10 3 10 9 10 5 3 10 4 14 2 10 8 3 2 7 11 11 9 5 7 12 6 13 4 9 3 14 12 7 9 4 6 5 4 8 5 7 2 8 13 10 9 3 5 12 7 1 12 11 8 4 8 7 6 8 1 6 12 11 6 9 11 2 12 5 10 8 7 9 8 6 4 6 10 8 8 3 5 1 11 3 13 12 10 13 8 3 5 9 5 12 7 8 13 3 4 4 2 6 4 2 10 2 5 8 8 9 5 12 4 7 4 7 12 10 3 5 5 4 12 10 9 1 3 8 7 8 4 9 4 11 5 2 11 5 12 12 6 4 11 2 5 10 2 5 3 3 12 11 5 5 1 2 5 7 5 8 10 3 10 4 11 10 10 5 10 7 7 13 7 11 11 13 4 7 3 9 10 9 8 9 12 11 4 8 10 10 13 13 9 10 9 11 8 9 6 8 14 14 6 6 3 6 6 3 10 3 7 5 12 12 10 6 4 5 10 6 12 10 10 5 4 5 9 14 14 6 4 8 12 3 11 5 8 9 7 7 5 12 10 13 11 4 2 7 3 5 5 5 4 9 10 13 10 6 13 5 11 6 2 4 2 5 10 4 9 6 4 10 10 7 12 2 9 7 7 10 13 2 4 3 6 7 10 5 3 7 12 5 7 6 6 10 8 6 7 3 8 9 8 8 13 4 9 5 3 7 9 11 12 4 6 7 8 11 3 13 9 10 8 5 7 6 4 5 13 9 3 4 5 10 8 10 5 7 3 3 13 10 5 3 11 6 8 5 12 5 6 10 7 8 14 12 9 4 10 5 12 9 6 6 1 12 7 11 9 7 5 8 11 10 11 7 11 6 11 4 3 3 11 12 12 12 11 11 8 10 8 12 4 4 12 7 4 4 8 10 6 4 7 9 10 13 6 10 10 6 11 14 10 6 1 11 7 1 11 6 14 3 2 3 7 7 10 6 5 1 5 7 6 6 7 9 8 9 10 13 8 3 6 10 8 2 7 3 6 3 6 3 11 1 5 7 8 6 1 7 11 4 13 11 9 11 6 4 4 6 9 9 8 11 10 11 9 11 8 11 11 11 4 7 4 14 6 7 9 5 2 3 6 11 2 5 5 4 7 9 3 6 12 8 5 9 9 11 9 6 6 7 3 3 3 11 4 8 10 3 6 7 7 5 6 3 12 6 1 10 7 6 5 13 5 13 7 4 11 8 11 2 8 10 6 14 6 10 10 10 9 12 8 8 5 3 9 7 4 11 12 7 10 8 7 9 10 3 12 3 5 6 10 7 5 8 2 7 6 11 4 12 10 12 13 5 3 8 6 11 4 5 2 11 5 3 5 10 6 6 10 6 11 11 14 10 10 3 8 6 3 2 4 12 8 4 5 4 7 7 3 13 4 7 8 8 1 9 12 9 5 5 12 5 5 8 5 8 13 12 4 9 4 10 6 3 5 5 7 12 3 4 10 4 6 5 2 7 9 11 10 9 12 5 4 1 10 10 13 6 10 3 9 13 11 11 6 10 6 14 7 4 2 4 3 8 12 11 2 7 9 9 8 8 2 8 10 6 6 2 6 10 12 9 3 11 9 10 11 8 8 2 8 8 13 3 6 5 3 4 5 4 4 10 12 9 7 4 1 9 4 1 13 3 7 13 2 6 11 9 9 3 5 10 4 14 4 12 11 8 9 9 6 7 13 6 11 1 10 7 9 9 3 6 5 6 6 5 10 7 9 5 3 5 4 8 4 4 11 4 2 4 12 10 6 12 9 9 7 8 3 7 4 2 3 10 6 10 5 12 12 11 7 2 11 4 5 8 9 7 10 1 7 6 2 10 13 9 12 8 6 12 8 6 3 7 5 6 3 11 9 4 2 7 3 5 5 13 6 3 14 4 13 3 11 7 2 13 10 10 5 7 13 9 10 8 6 9 5 10 3 6 3 13 5 14 10 7 11 3 8 4 11 8 2 8 8 6 4 4 9 8 4 12 6 8 6 8 5 10 10 5 12 12 5 5 3 11 13 7 9 6 12 11 8 7 3 12 10 13 3 6 11 6 9 9 5 9 7 11 13 7 2 8 5 4 11 9 12 11 8 12 6 2 3 5 5 11 11 5 7 3 3 9 3 12 3 12 4 1 12 6 8 6 11 10 8 11 9 4 2 8 4 5 8 11 10 9 11 3 9 10 7 8 7 8 7 6 2 8 3 8 8 5 4 8 3 13 5 9 11 14 8 10 10 9 2 5 7 6 11 9 8 10 12 6 3 3 9 8 1 4 4 10 10 2 9 9 7 7 10 9 6 6 6 3 12 3 4 11 1 4 9 4 6 1 11 10 10 8 7 4 7 9 7 9 7 7 10 5 12 10 7 8 10 6 4 11 3 6 5 6 10 2 9 6 11 2 10 14 6 6 11 9 13 6 6 6 12 8 11 8 7 8 2 6 7 6 4 4 5 7 12 8 10 4 12 6 11 5 4 8 14 10 5 1 4 13 4 9 13 5 7 12 7 1 7 9 6 12 4 12 9 9 9 9 3 1 3 6 2 2 5 6 6 13 10 2 11 11 13 8 13 9 3 13 12 5 13 5 5 3 12 5 8 10 10 1 8 12 13 11 6 8 6 11 10 10 4 8 4 5 10 3 5 8 5 6 8 7 8 5 13 4 4 9 11 8 5 6 4 9 2 13 11 12 6 11 7 5 10 12 6 2 10 2 6 11 13 11 9 11 3 13 9 4 3 4 5 14 13 4 4 10 8 7 7 10 5 5 12 13 11 5 5 10 9 9 8 10 3 4 6 4 10 8 10 8 7 8 2 7 5 2 12 6 4 11 3 12 4 10 2 2 1 9 4 8 7 7 9 6 4 6 3 6 12 10 3 8 3 7 9 6 7 5 7 9 14 2 4 5 11 7 7 6 13 8 9 2 2 7 10 5 3 5 8 11 4 12 5 9 2 6 11 9 4 4 6 4 8 8 14 6 11 3 4 1 14 5 1 13 8 3 9 7 4 2 7 5 13 3 5 3 3 4 12 5 5 6 7 6 6 8 3 6 5 2 8 12 4 7 13 7 10 8 4 7 4 13 6 11 12 7 5 6 6 4 11 11 11 10 5 11 2 7 11 5 13 5 9 6 9 6 4 5 5 5 4 7 6 12 12 10 10 6 5 11 8 4 3 5 10 11 13 12 3 13 1 7 7 4 5 12 8 5 4 7 8 4 9 2 8 3 8 6 11 10 8 2 4 9 11 6 10 8 6 10 12 6 5 8 4 5 5 8 11 4 6 4 7 12 7 4 8 6 7 7 9 9 1 12 9 8 10 1 8 8 9 9 10 3 13 6 9 7 4 11 6 2 9 10 4 9 10 2 13 12 7 5 4 4 3 7 9 6 4 2 13 9 7 5 7 7 12 6 12 5 8 9 9 9 12 12 9 6 8 8 5 10 8 8 12 6 8 7 6 5 1 8 8 8 6 12 8 11 5 12 2 6 6 8 4 7 13 4 9 9 8 5 3 1 7 9 4 11 5 3 5 1 11 8 9 3 10 9 4 3 9 6 12 3 6 10 3 10 5 12 6 1 12 11 13 14 6 8 6 10 6 9 6 5 5 6 9 8 7 8 9 3 3 10 11 9 10 6 2 7 2 10 9 6 6 8 6 6 10 10 4 10 7 10 4 13 6 11 10 4 4 7 7 3 9 5 6 11 9 5 9 11 11 6 6 6 3 10 11 3 5 6 9 3 7 6 9 4 5 5 12 9 5 4 9 2 12 8 4 4 11 2 12 9 9 5 12 5 2 8 13 11 9 9 6 7 4 7 6 5 6 10 14 6 10 5 5 7 10 9 6 12 5 11 7 6 10 12 9 5 4 12 8 8 11 2 7 9 12 9 12 12 10 3 5 8 2 5 7 9 8 10 12 7 5 7 5 11 3 4 6 4 5 9 4 12 7 8 1 6 4 7 12 1 11 9 2 4 10 6 7 11 6 9 6 3 9 2 6 8 10 5 6 12 12 4 5 7 6 6 5 10 9 9 4 7 2 4 7 11 3 9 8 8 9 5 6 7 5 4 7 9 12 10 4 7 9 3 12 9 6 8 5 8 13 10 4 8 2 5 6 11 6 2 5 12 4 8 7 8 14 11 10 1 9 5 2 7 6 3 4 9 8 8 4 6 10 7 6 12 4 1 6 4 8 3 9 7 6 5 9 10 11 5 5 13 10 6 9 5 12 10 9 13 11 6 7 4 11 10 7 4 6 9 4 10 10 11 5 4 3 2 8 5 8 6 3 6 7 7 11 7 4 6 6 10 11 10 13 9 8 8 5 5 6 4 4 12 9 9 5 9 9 5 10 11 9 4 4 4 11 1 13 14 14 5 3 12 9 5 7 5 7 8 8 8 10 13 10 8 2 10 13 10 8 10 11 9 6 14 13 9 9 12 10 8 8 10 11 3 7 7 3 3 6 6 11 9 6 5 9 10 9 2 7 6 6 10 12 5 8 7 11 11 13 5 9 4 3 2 9 7 2 6 9 12 7 7 8 5 11 12 13 13 9 8 7 10 4 10 8 6 5 4 4 3 6 1 8 2 7 3 3 12 2 4 11 9 7 7 14 5 9 6 9 10 5 4 11 3 6 11 7 3 12 8 10 5 11 9 11 6 8 2 7 9 11 13 12 9 11 4 10 10 7 4 11 2 8 10 7 6 7 6 8 4 8 9 7 7 7 6 5 1 4 10 6 3 3 11 13 9 10 9 13 6 8 12 8 13 7 11 3 4 5 7 5 5 7 5 6 6 11 8 11 9 1 2 9 4 7 4 13 10 6 9 4 2 4 5 6 7 7 10 5 13 10 11 8 13 3 11 4 5 5 9 10 13 14 10 5 7 3 9 8 7 6 10 2 13 2 14 12 8 5 7 4 11 5 3 8 7 4 12 11 8 6 11 6 6 8 8 14 6 2 6 10 1 9 10 3 8 7 13 7 5 12 8 5 7 5 8 4 10 2 13 11 4 9 5 8 11 12 8 12 9 9 5 6 4 10 11 6 1 11 7 12 14 8 11 11 14 8 10 9 7 14 6 11 9 7 14 6 5 5 7 9 3 5 11 11 12 4 9 9 3 2 2 13 6 14 5 12 8 11 9 12 1 7 6 8 3 1 9 3 8 4 2 14 7 5 8 10 5 5 5 7 8 7 5 4 8 5 9 8 12 8 3 6 5 9 6 4 5 11 11 12 12 9 9 4 1 6 8 7 8 3 12 4 7 10 5 4 14 7 5 12 8 10 6 6 6 10 8 12 3 13 10 8 13 12 8 2 8 6 14 13 13 12 8 7 11 7 6 12 9 4 10 11 12 4 11 9 14 3 3 11 2 11 10 10 11 10 10 7 9 6 7 7 8 9 7 13 2 6 4 9 12 1 10 3 7 9 11 7 5 9 3 13 8 2 10 7 5 4 3 5 5 1 10 7 6 10 5 7 3 9 11 7 5 5 12 9 12 8 10 11 6 10 10 9 5 6 9 8 11 11 11 11 5 5 11 10 3 6 10 7 3 4 10 6 8 5 7 10 10 8 7 10 8 8 12 5 7 6 4 13 10 8 4 2 7 10 12 5 8 8 9 3 5 14 5 1 9 9 4 9 10 10 8 8 9 11 4 10 9 5 8 5 7 12 9 13 5 12 8 7 10 7 2 8 5 14 4 5 12 9 11 7 11 5 7 6 7 5 6 7 4 9 4 5 9 7 9 3 12 7 9 6 6 12 11 2 11 8 3 4 4 9 13 6 8 13 7 5 5 5 12 4 7 4 7 11 13 11 10 4 11 10 10 5 10 6 4 8 4 7 8 7 11 11 9 5 2 10 11 9 6 14 8 3 4 5 10 6 13 10 6 5 12 6 5 5 5 8 12 7 9 6 4 6 6 9 14 4 12 9 4 4 9 10 6 6 9 3 5 2 3 3 11 8 12 12 2 12 10 10 13 11 5 7 4 4 12 11 11 10 11 8 12 6 8 4 9 7 6 12 4 4 9 1 1 9 3 12 9 12 9 6 1 5 12 8 5 12 4 5 8 8 7 5 5 5 9 11 2 9 7 3 8 10 7 7 4 5 1 9 12 9 5 7 8 6 9 4 8 9 6 8 9 8 7 4 13 11 8 12 10 8 8 4 10 6 7 8 5 9 2 13 11 1 3 4 8 9 13 10 8 2 10 4 13 8 10 9 8 9 3 9 7 11 12 8 2 10 7 5 3 7 9 4 4 12 9 3 6 8 11 10 8 11 7 5 9 12 13 7 4 11 8 9 4 4 14 13 13 6 12 4 11 5 6 8 10 10 7 8 1 5 12 9 5 2 3 5 10 6 6 6 5 8 9 9 12 4 10 5 3 13 6 7 9 9 12 6 6 3 1 9 10 10 7 3 12 8 2 12 4 9 6 8 10 11 3 7 10 1 4 3 5 8 11 4 8 7 13 2 9 14 5 8 5 10 10 8 10 13 4 10 10 8 9 5 8 7 6 1 12 12 10 10 10 9 5 12 9 8 7 2 9 11 8 8 6 2 6 10 3 11 4 9 5 3 6 5 4 2 3 3 3 5 8 12 2 4 7 11 9 5 1 13 12 7 6 6 12 12 2 3 5 3 3 13 8 5 7 3 3 5 12 6 7 3 10 8 11 4 9 2 11 8 4 5 4 11 4 5 9 5 13 3 9 7 6 9 4 2 7 6 13 5 10 14 3 9 10 4 8 7 10 12 3 10 8 8 10 13 12 11 13 6 10 10 8 11 3 10 6 8 11 8 14 6 9 8 11 6 8 3 5 3 5 8 8 13 6 6 5 2 7 3 9 3 4 3 6 10 12 5 12 4 6 5 7 13 9 6 12 4 12 5 9 7 11 11 1 10 12 6 11 7 5 4 4 8 6 4 6 1 5 3 9 1 9 1 6 4 8 9 8 11 1 13 12 9 7 13 8 8 6 7 12 3 14 3 7 9 4 4 11 6 12 11 5 9 9 11 5 7 6 5 9 6 4 3 5 2 8 10 7 11 3 2 12 12 8 6 8 9 7 11 7 3 10 10 9 8 7 10 3 6 10 9 5 14 7 4 5 9 9 12 3 12 7 1 6 10 5 5 6 10 8 11 4 8 4 4 4 9 4 13 14 14 13 6 11 8 3 1 10 9 9 2 11 2 6 8 11 4 8 7 1 6 5 9 8 10 11 11 8 4 12 7 10 3 12 5 6 5 9 2 8 13 11 12 7 13 6 10 5 5 5 7 11 10 6 11 14 12 6 3 3 9 2 3 2 9 2 10 12 9 9 9 4 7 6 12 13 4 11 8 1 9 11 8 14 11 12 9 5 8 7 4 11 7 10 5 2 10 8 3 6 6 9 5 3 13 5 12 9 11 11 8 9 11 8 3 8 3 2 10 8 7 10 7 3 6 14 10 5 7 4 5 10 8 7 10 4 11 6 2 3 8 6 7 9 9 5 7 7 3 13 14 10 5 2 9 8 4 11 2 11 6 4 11 4 2 11 9 11 5 6 9 4 9 8 6 9 5 4 4 3 8 12 7 12 8 5 8 9 7 1 6 8 10 7 4 4 7 7 7 9 9 1 7 6 2 9 10 8 5 7 12 12 3 4 6 11 7 7 2 9 11 7 10 5 6 7 7 11 8 7 7 6 10 11 5 10 9 14 8 6 11 8 8 9 3 5 8 12 7 5 5 5 4 3 8 4 6 12 7 6 7 7 1 11 2 8 6 10 7 10 11 4 10 6 4 6 13 8 6 5 11 12 2 7 6 9 8 6 5 4 4 4 11 6 6 10 8 10 12 14 7 10 8 10 7 12 8 6 12 8 7 10 10 9 10 3 11 3 4 8 14 1 4 11 10 1 12 13 1 3 8 10 10 7 6 12 1 10 3 10 4 8 10 7 9 4 10 7 7 10 5 7 2 2 6 12 6 8 10 4 7 10 4 2 8 2 8 9 14 8 13 13 4 10 6 6 6 9 5 1 8 8 5 10 4 9 8 4 11 3 14 6 5 6 8 9 11 3 10 6 11 8 1 13 3 7 12 6 9 9 10 12 8 6 9 4 12 8 8 8 5 9 12 5 2 10 11 12 10 4 10 12 7 2 10 7 12 10 12 2 9 6 9 5 2 11 7 5 9 5 12 10 10 3 8 10 7 10 13 11 8 7 10 11 7 9 5 5 4 9 6 12 6 10 4 9 10 8 1 6 5 4 5 5 14 11 4 9 13 11 10 9 11 6 12 5 9 7 11 9 10 7 5 10 4 9 10 9 8 8 7 7 6 6 9 5 10 5 3 12 12 3 7 14 4 5 2 14 11 8 9 10 6 4 9 6 11 7 9 11 3 6 6 11 5 4 8 7 3 8 12 4 7 9 6 12 8 7 8 3 6 10 14 7 2 8 4 5 4 3 6 5 5 2 7 6 5 10 10 5 12 8 5 7 3 12 12 7 6 7 10 6 5 5 4 7 3 3 5 10 7 3 14 9 8 13 4 5 12 11 10 8 3 3 8 12 6 6 13 13 8 7 5 8 3 4 8 11 4 1 4 6 10 5 5 14 4 11 8 12 7 8 13 4 9 12 6 11 3 4 8 11 11 3 11 9 10 5 14 12 4 10 14 2 7 8 6 9 7 5 5 7 9 8 11 5 11 3 5 13 5 11 5 5 8 10 2 5 6 9 7 12 9 6 3 10 12 4 6 3 9 8 9 3 2 8 3 4 6 4 8 13 4 11 5 2 10 7 11 5 7 7 3 3 10 9 11 5 4 2 6 13 7 11 11 10 5 5 14 4 11 7 10 6 9 2 5 8 10 8 10 3 4 10 6 8 9 4 9 6 10 5 3 7 6 10 9 4 5 2 10 6 14 5 1 6 12 8 11 13 7 10 12 10 6 10 7 9 4 13 12 5 14 2 9 10 7 9 7 9 1 13 8 3 5 3 4 14 5 3 9 8 10 6 5 11 10 6 5 7 11 11 6 1 8 3 10 6 6 13 7 3 8 6 10 11 8 8 7 7 12 6 11 8 12 6 6 9 7 2 9 7 5 10 12 3 4 9 10 3 6 7 6 9 8 11 11 6 9 8 13 5 6 10 8 10 10 9 13 4 8 7 3 3 14 7 2 8 11 13 6 7 9 5 12 7 4 8 10 5 6 8 6 5 9 6 6 4 10 4 11 4 6 5 10 4 6 5 8 14 12 7 11 11 9 13 11 4 10 11 12 4 6 10 8 12 3 12 4 7 10 4 1 8 10 11 8 6 9 8 8 8 6 5 7 5 2 8 9 2 8 13 11 8 4 10 3 7 11 4 4 13 11 6 8 12 7 9 11 11 8 6 5 13 14 8 3 5 9 8 2 2 9 5 12 11 5 10 8 13 6 2 4 13 4 6 4 5 10 9 7 3 5 8 2 11 8 8 9 5 10 9 4 7 11 5 8 7 14 10 6 11 5 10 4 1 8 8 4 5 7 7 3 12 6 6 10 3 6 3 7 3 7 8 8 6 7 3 12 8 12 6 8 8 5 11 8 8 6 9 13 11 10 3 11 12 12 4 5 10 1 7 4 3 10 9 11 11 8 5 9 10 8 2 11 6 4 2 3 12 12 8 5 11 10 4 7 13 9 4 3 8 3 2 10 11 8 11 12 14 11 5 9 7 11 11 6 4 6 12 10 5 7 8 9 9 14 11 8 8 5 7 10 8 7 8 2 12 8 2 7 9 8 5 12 5 6 7 6 12 5 3 11 3 5 8 10 6 6 10 2 2 6 2 10 7 12 7 9 2 4 9 4 6 10 14 5 8 13 5 11 4 5 9 6 12 13 11 5 13 8 12 4 13 2 11 8 9 3 6 10 13 2 5 10 11 4 11 8 10 8 7 9 8 9 2 7 10 3 3 5 12 9 8 9 4 7 10 4 2 9 9 7 9 5 11 13 6 10 5 4 7 10 12 7 4 12 5 6 8 2 7 9 8 8 6 8 5 7 11 10 12 10 7 2 3 9 5 12 4 7 3 12 5 9 3 7 5 9 7 10 10 5 8 6 6 8 5 11 6 11 12 7 6 10 11 6 10 10 9 7 9 10 7 2 12 5 5 10 4 4 6 9 10 6 3 5 14 11 10 7 5 7 5 13 6 12 13 9 11 11 8 5 4 2 1 11 8 8 13 3 5 11 12 8 7 3 11 5 8 7 5 12 10 11 12 8 11 12 11 4 6 5 5 6 7 9 3 6 8 7 5 4 9 3 9 4 13 5 3 6 10 9 9 5 9 11 6 6 2 7 8 5 10 1 7 5 4 2 6 4 3 10 8 13 7 8 2 10 5 10 6 6 5 5 4 10 9 6 10 5 7 7 4 14 9 5 7 7 11 10 3 7 11 6 7 2 11 8 13 10 1 4 3 6 8 10 7 11 6 5 5 13 11 3 2 11 6 5 1 6 10 2 9 6 4 5 4 4 5 10 10 10 9 8 3 13 5 11 12 12 8 4 8 8 4 7 13 4 8 2 3 4 5 5 9 4 5 8 1 9 4 3 10 9 8 11 5 6 7 3 1 10 8 9 13 6 3 5 9 6 9 4 9 9 8 11 8 13 3 10 6 5 11 12 5 5 4 9 9 10 6 7 9 11 6 12 8 10 12 4 7 4 4 11 2 13 1 7 8 9 3 10 6 6 3 6 6 12 4 9 10 7 9 4 3 9 9 6 13 2 12 3 2 9 8 11 3 7 7 7 2 2 8 2 5 8 12 4 5 6 4 8 11 11 10 9 7 7 4 9 5 7 8 9 3 8 5 4 10 8 4 3 8 6 3 5 10 4 10 4 1 11 10 7 2 1 10 11 5 10 3 10 10 5 10 4 7 9 3 9 11 5 5 12 7 8 6 8 6 5 7 9 5 12 13 13 7 9 11 11 8 5 9 2 10 12 7 13 3 11 8 11 4 9 9 3 6 9 11 10 5 4 13 8 9 10 1 8 6 6 1 9 7 12 7 8 5 3 8 3 12 5 6 6 7 12 8 5 12 5 6 7 6 11 10 9 6 11 7 5 7 9 8 10 5 11 9 4 6 11 8 5 6 3 9 7 7 10 9 11 8 11 6 10 8 7 3 12 6 2 11 5 6 10 4 5 11 4 12 9 10 6 6 8 8 3 4 5 9 7 6 11 12 4 8 9 4 7 9 4 11 10 10 13 9 8 10 5 5 9 9 7 6 13 7 8 4 5 3 7 13 8 8 9 10 13 12 5 12 9 9 5 5 12 7 10 6 10 3 9 11 10 7 9 2 11 12 8 6 5 4 2 8 6 6 11 6 2 6 5 12 6 10 9 11 6 9 5 10 8 8 10 8 10 6 6 7 2 12 7 11 7 6 5 2 12 10 7 4 3 10 10 6 2 5 7 2 3 4 9 6 2 9 7 4 2 5 12 5 3 9 4 6 9 4 9 8 13 8 9 3 10 11 5 3 7 8 14 10 8 7 8 9 8 8 4 5 8 6 7 7 12 3 8 10 14 5 8 4 4 10 13 9 6 6 10 12 9 6 13 4 9 10 10 11 4 7 5 3 10 5 8 11 8 9 5 14 11 12 10 10 3 6 6 5 10 10 6 9 7 11 10 3 9 2 10 8 5 11 9 8 11 9 6 7 6 7 10 7 7 7 8 2 3 8 8 3 9 11 6 11 6 10 2 4 12 4 5 7 4 5 8 5 12 7 5 9 7 9 14 5 11 3 4 7 11 12 2 10 5 6 8 8 5 10 11 6 9 9 4 2 10 4 12 4 8 8 11 6 9 2 11 9 9 12 13 4 7 4 8 4 4 13 11 7 1 6 12 5 4 5 12 7 11 12 4 3 4 5 9 11 3 9 14 4 7 13 2 14 6 10 7 9 9 10 7 6 11 4 13 3 11 9 10 7 10 11 7 11 8 6 7 3 10 6 5 11 6 6 12 4 10 9 7 9 5 8 1 5 6 8 12 9 12 6 4 6 9 8 8 5 11 5 10 10 6 12 11 6 9 7 7 7 5 10 8 8 10 12 10 4 12 13 1 12 1 6 4 5 5 12 10 14 7 1 7 13 4 1 5 5 12 5 8 12 1 6 13 10 10 5 11 4 5 1 11 9 7 11 3 8 4 3 11 3 11 6 10 11 9 2 7 3 10 9 6 3 5 5 9 6 6 6 4 7 7 4 11 10 9 13 11 9 9 9 5 1 6 13 5 10 2 9 4 7 9 7 7 5 11 8 9 8 13 11 12 3 2 11 5 9 12 10 4 7 9 3 8 6 9 4 4 13 6 5 5 6 6 9 14 6 11 8 13 10 8 3 6 11 3 5 6 3 10 12 12 10 7 8 9 13 11 12 9 6 4 8 9 8 11 3 7 5 11 8 3 8 6 10 8 5 9 14 13 10 5 9 3 2 7 10 13 6 9 8 10 8 8 1 6 10 11 4 5 8 2 10 4 3 5 5 9 9 10 7 5 4 5 4 11 12 10 5 11 11 12 7 5 9 10 5 4 1 6 8 10 13 1 6 8 13 9 8 4 4 5 10 12 8 9 6 9 10 3 6 3 5 3 6 5 8 6 7 7 8 7 8 6 5 7 10 11 6 9 6 10 5 12 10 10 11 9 11 10 10 9 5 4 12 9 6 13 12 4 4 10 5 9 9 10 10 10 11 10 10 4 8 4 9 3 4 7 8 7 9 9 7 9 3 4 13 10 8 7 11 4 12 12 3 9 3 5 11 5 10 9 2 13 5 10 6 7 11 9 5 9 4 4 7 10 13 8 6 3 6 6 3 12 2 7 14 13 5 7 12 12 3 4 6 4 8 6 5 5 10 6 1 6 3 3 10 9 8 9 7 4 10 3 5 11 8 3 10 10 2 11 9 4 6 13 5 12 4 8 8 10 9 5 12 8 5 14 5 5 2 5 9 4 12 6 3 10 8 9 10 6 10 11 7 6 10 3 5 3 4 7 11 11 11 3 10 10 13 12 7 5 10 1 9 2 2 7 4 8 6 8 9 8 7 11 9 3 9 2 9 9 10 6 12 3 2 3 5 5 9 10 4 9 3 3 1 6 14 10 8 5 11 8 12 5 7 3 10 11 8 2 10 5 13 12 7 12 4 13 7 10 7 5 7 3 3 14 3 10 11 7 1 3 8 9 12 7 1 11 14 8 7 7 3 7 12 11 10 9 5 3 11 9 11 8 11 7 6 10 2 6 8 4 5 1 4 5 8 9 12 10 3 2 6 11 4 13 6 13 1 9 1 10 1 10 5 12 10 3 5 4 6 6 3 9 10 9 5 10 12 10 7 6 6 11 11 8 8 1 10 2 12 13 9 10 3 9 9 8 5 10 7 6 11 9 7 4 9 9 10 11 4 14 2 4 5 9 6 11 14 8 3 13 8 11 3 7 8 11 10 10 5 11 8 4 9 12 7 6 14 6 5 10 11 1 7 9 11 2 13 5 4 7 8 2 5 9 11 3 4 8 14 8 11 11 4 7 11 14 4 7 4 3 11 1 10 7 8 13 2 6 4 12 1 7 3 10 8 10 13 1 6 11 5 7 5 6 8 14 9 8 8 7 11 10 4 2 11 5 6 3 8 14 6 2 12 11 5 1 11 6 5 8 3 11 12 7 9 10 11 11 6 7 9 10 5 9 6 8 12 9 11 5 3 13 4 8 7 5 6 12 3 8 4 7 11 10 3 10 7 10 10 10 5 8 7 2 11 3 11 13 7 8 11 8 3 8 10 10 12 2 10 10 6 4 7 5 11 6 7 9 3 8 5 1 12 3 5 4 6 8 10 7 7 8 4 11 4 3 8 5 7 9 9 8 6 10 1 12 3 5 13 10 7 1 9 8 3 7 9 5 8 7 13 12 4 5 11 13 4 8 7 5 7 5 5 3 9 9 4 4 10 1 10 11 9 6 7 3 4 6 10 6 4 11 10 7 2 9 2 3 9 14 7 2 5 13 8 9 7 9 4 6 6 4 5 9 4 11 2 11 6 5 11 6 9 2 2 4 2 3 9 3 5 10 5 8 11 12 1 10 12 8 9 12 5 9 9 2 8 3 14 10 4 9 4 13 4 4 10 12 10 3 9 11 10 8 6 5 4 10 11 12 5 7 6 7 6 7 7 13 1 8 5 11 10 4 10 8 9 1 7 10 5 8 13 14 13 3 10 4 12 10 7 12 12 1 12 7 3 13 6 14 8 10 11 12 6 3 3 5 3 9 10 9 8 11 9 10 6 6 5 10 6 6 13 11 12 6 5 11 2 7 7 6 1 10 7 11 7 6 11 4 12 11 7 2 14 2 13 5 3 8 6 7 7 9 11 6 5 8 6 4 8 10 4 12 8 11 10 4 7 7 5 8 4 8 10 10 10 4 8 7 6 12 7 4 7 5 7 11 9 6 8 14 8 13 7 3 13 4 9 10 7 3 4 11 10 12 9 2 9 10 13 11 12 10 5 1 4 7 11 7 13 7 8 7 7 6 12 9 3 3 8 13 2 7 6 10 6 9 9 3 12 14 9 6 8 2 12 4 8 8 9 12 9 5 7 7 12 8 6 6 5 5 7 4 9 6 8 4 6 9 13 7 11 10 3 10 7 6 4 8 9 14 9 14 2 12 1 10 7 6 4 9 1 14 11 10 8 13 10 9 13 8 5 9 8 9 8 10 8 11 6 9 5 5 8 13 9 11 8 7 1 8 10 10 5 12 11 6 7 11 4 12 12 7 11 10 10 8 9 9 4 12 9 3 8 13 11 9 8 9 5 1 7 4 10 8 10 14 10 6 10 2 12 10 3 9 9 11 1 6 2 4 13 4 9 3 12 11 14 7 12 7 9 10 9 11 8 11 9 5 8 7 5 13 5 6 7 7 4 11 7 6 9 2 5 11 3 8 9 6 10 5 3 12 9 8 12 11 7 12 4 7 12 12 3 3 12 3 11 9 4 4 3 8 7 9 5 13 8 11 11 11 11 11 2 11 8 9 8 1 9 7 7 5 6 5 7 5 12 14 11 12 6 11 10 9 2 10 6 5 4 6 8 9 12 9 3 3 10 11 7 12 4 5 8 7 14 10 10 8 10 7 10 8 9 8 14 4 5 13 11 6 10 10 2 10 13 14 6 8 10 7 3 8 3 11 6 14 4 8 1 5 6 9 10 12 10 8 11 3 5 2 4 5 6 3 10 3 11 12 8 10 10 10 8 10 3 5 12 14 13 6 5 4 14 6 10 8 4 8 12 4 5 5 12 6 7 5 7 7 3 5 10 5 6 8 2 6 12 5 4 4 7 7 4 8 10 4 9 1 5 3 10 12 6 3 9 10 4 9 2 2 7 5 6 5 12 2 8 7 9 8 6 7 12 5 13 5 5 11 8 8 10 10 6 6 3 9 5 13 6 11 8 3 7 7 10 4 12 10 8 4 7 2 5 5 11 6 5 10 4 4 6 7 2 5 8 10 7 7 1 3 3 7 5 5 5 8 12 11 10 5 5 9 3 9 10 7 9 10 5 4 7 3 9 5 9 8 14 7 12 8 2 4 8 3 1 13 10 4 9 9 2 10 6 10 9 6 8 9 5 12 10 12 5 3 12 12 4 10 8 8 12 4 3 5 6 10 6 3 9 9 12 10 4 7 6 9 7 5 2 7 8 7 7 5 14 12 4 9 12 12 2 9 9 7 6 3 3 7 6 5 5 6 6 9 7 4 8 6 9 5 1 8 6 9 8 8 13 1 12 5 2 5 4 8 9 4 4 4 10 9 7 13 5 12 13 4 9 7 2 7 4 5 14 2 5 7 7 7 10 4 13 13 6 9 9 12 5 9 5 9 4 6 10 1 7 7 10 6 10 4 6 12 9 1 9 10 10 4 4 4 11 8 4 6 8 7 3 6 12 6 5 12 11 7 8 7 6 2 3 10 8 7 8 11 10 3 5 10 9 6 6 10 4 9 6 12 13 12 6 9 14 10 1 10 7 5 9 11 7 12 10 9 9 13 7 9 8 6 8 7 9 10 8 4 8 7 9 8 12 5 3 3 8 7 9 7 10 11 8 3 6 4 3 4 6 8 12 3 7 6 7 6 9 9 5 12 8 2 6 6 7 12 4 1 7 10 8 6 10 5 4 8 12 4 2 10 12 7 13 5 9 5 5 5 8 5 1 11 9 3 9 6 12 10 7 3 11 4 7 10 9 13 5 9 12 1 5 7 7 6 7 4 11 12 4 10 10 1 8 13 3 5 9 5 10 12 10 6 11 6 10 5 4 7 12 6 6 9 4 13 3 7 13 1 9 4 10 9 6 7 5 6 6 10 5 7 4 4 10 11 9 12 4 8 8 6 11 5 11 10 14 13 8 7 8 7 9 11 8 3 5 1 5 5 7 11 8 10 6 5 11 3 9 1 7 4 5 7 7 6 11 1 5 8 9 7 4 4 12 3 4 5 8 5 8 8 9 4 12 9 5 5 6 4 3 10 5 8 3 6 8 13 6 8 9 10 7 2 14 11 3 7 14 9 2 3 12 8 2 5 5 14 6 7 8 4 10 8 3 6 10 11 11 5 11 3 10 6 1 11 9 7 11 13 11 5 12 4 2 4 5 4 10 3 14 12 14 4 7 3 10 8 7 4 14 5 5 8 2 4 5 5 6 5 3 6 14 4 4 8 11 10 6 9 4 8 7 6 7 10 10 9 9 8 10 6 7 8 7 11 8 6 12 5 3 6 2 9 6 10 11 10 9 10 12 6 5 6 7 3 2 6 6 2 4 5 12 3 5 7 8 6 5 9 9 13 3 2 10 5 7 5 8 2 4 12 8 11 13 10 4 7 12 4 10 14 4 7 3 7 7 10 3 2 11 5 10 8 7 9 9 5 5 9 11 5 8 6 6 12 9 6 7 4 13 5 14 13 5 13 2 11 8 8 7 2 5 11 4 6 8 9 13 9 6 14 5 6 7 3 5 10 5 9 9 10 9 8 10 5 11 6 2 7 7 10 1 4 2 5 12 3 14 12 5 4 11 7 7 5 4 12 3 2 12 3 3 5 4 8 8 4 8 2 10 7 6 8 7 3 2 10 7 10 7 10 8 8 3 8 7 2 11 5 9 4 8 7 4 1 7 11 9 3 6 2 9 4 9 5 10 4 14 12 6 5 8 9 5 7 5 9 9 8 6 3 12 4 4 4 5 8 3 6 8 11 14 5 1 10 8 8 6 4 4 12 8 9 3 5 14 11 10 6 12 8 10 8 8 6 10 3 11 5 5 4 14 12 10 5 5 8 9 11 7 11 3 9 11 12 5 7 7 8 10 7 13 5 7 5 9 9 2 13 5 9 12 7 8 10 4 4 8 8 10 8 3 8 10 8 12 11 3 4 5 4 7 9 11 10 13 6 3 3 7 10 11 8 6 8 2 3 10 2 4 8 3 1 1 10 7 13 11 12 8 11 9 3 9 3 3 7 5 10 3 4 7 7 8 12 7 9 6 14 9 7 5 5 2 9 9 9 12 12 4 9 6 9 10 14 7 12 13 4 10 5 12 8 1 3 4 10 8 9 12 12 7 4 10 11 12 6 5 11 11 4 8 11 6 9 4 9 1 11 8 8 11 6 4 4 5 5 7 6 5 8 4 5 11 13 6 12 5 11 11 11 2 2 11 4 8 7 11 7 8 8 10 8 5 2 5 11 12 1 1... (204 KB left)
