test 0 FAIL

program output:

5 3 2 4 6 7
7 4

expected output:

4

test 1 FAIL

program output:

30 15 64 7 26 50 74 5 20 43 54 72 97 29 9 3 6 27 21 44 1 38 59 70 77 76 18 89 67 17 28 19 37 46 57 55 66 82 86 56
56 0

expected output:

12

test 2 FAIL

program output:

30 15 64 7 26 50 74 5 20 43 54 72 97 29 9 3 6 27 21 44 1 38 59 70 77 76 18 89 67 17 28 19 37 46 57 55 66 82 86 56
8 76

expected output:

7

test 3 FAIL

program output:

30 15 64 7 26 50 74 5 20 43 54 72 97 29 9 3 6 27 21 44 1 38 59 70 77 76 18 89 67 17 28 19 37 46 57 55 66 82 86 56
0 30

expected output:

0

test 4 FAIL

program output:

30 15 64 7 26 50 74 5 20 43 54 72 97 29 9 3 6 27 21 44 1 38 59 70 77 76 18 89 67 17 28 19 37 46 57 55 66 82 86 56
30 0

expected output:

5

test 5 FAIL

program output:

64855 55442 90300 77825 88476 85714 51825 96161 8271 61609 78177 45204 74190 2677 7069 88613 3819 73365 51510 49399 3299 82838 55514 19077 21102 37204 67782 74748 16144 86840 73093 16739 96122 28859 75637 93705 88150 94019 96957 41673 16333 89957 19393 77664 12957 11620 62387 65949 29963 7151 85055 18693 95850 5110 77871 91961 23803 43493 45345 6355 66710 91656 41106 61235 12521 42870 85661 48577 10728 24741 76226 4555 38797 51493 92941 41796 76750 38853 34671 94084 56936 84323 50668 38735 99803 16210 38833 82134 89958 19460 29450 82571 67277 27482 93196 73647 30733 7184 87358 93160 22803 41697 16645 86766 45659 76323 43522 21687 67070 64932 77971 62547 10025 10236 82598 57432 44772 56575 92883 24883 91069 98095 35962 41601 58633 31964 66361 61294 87648 31568 52591 55075 71398 50297 82969 79871 16586 71216 15536 99561 54416 21202 99792 38858 66241 47051 31852 23491 71152 80429 94154 14256 93556 63825 850 38472 89121 78123 6391 53737 30205 40326 81829 20003 58819 14208 26931 39202 18565 15584 64057 56485 79188 56218 82554 32260 64537 38700 17079 92016 56876 70133 68894 35847 602 6124 73922 11048 33718 23053 1972 61482 17893 68690 61767 77209 10074 20788 94989 24650 72618 1485 98486 48169 45862 82893 58638 90160 5986 52038 91888 79846 87449 41859 2436 47396 35093 20742 64008 17710 95054 15296 676 73776 72032 3302 68282 39391 39789 93497 39417 37877 42155 94423 27987 29187 67757 41050 2807 78694 26146 87141 62239 80949 33902 49929 6427 86398 55211 11800 16222 34368 17820 4128 47834 99225 81238 87296 30506 41308 62045 29622 11502 58352 41587 87066 81538 108 20891 84169 38390 88839 36433 90059 45056 84033 95235 91008 25694 39145 27514 23254 83013 8177 52771 24527 30803 93156 70240 7637 14708 75569 69235 26453 57664 94789 55854 7491 25202 54126 55107 32467 35747 12150 76723 37759 38278 735 86987 92558 77275 15303 95028 27267 51327 70206 36968 45227 44680 15707 28482 56217 29867 57424 87155 50335 98575 19540 86255 16611 1151 5081 86743 944 13209 76764 97880 80980 34322 39426 60568 68700 26184 79571 19365 87533 64617 39134 90796 67801 5162 8697 91724 4523 42743 51712 37076 96617 92740 2942 48152 47436 11058 45487 72442 36543 56623 67689 52442 40207 837 16046 89154 27802 11698 73753 96008 31390 95395 44262 8208 36376 16571 41216 61861 33147 16139 85414 31028 51183 67982 77714 15726 56440 49242 76417 87228 36545 69 40767 7907 89001 6191 61914 60544 46609 95373 31733 50056 91127 85270 78285 42725 76563 27019 13442 48133 17178 7194 65775 32394 28532 88744 87677 39786 44792 74690 5077 87732 65809 21399 387 47007 50479 56613 81656 34577 86450 772 98890 75195 48261 941 75531 11413 76336 93930 14868 55467 19338 46433 26647 73423 87399 74445 84308 11086 10875 4090 99689 4006 4860 92759 47935 55941 70603 14378 63319 37386 6934 75018 43653 905 90893 86037 81691 82863 92719 73800 41805 98485 21393 72552 43404 83902 71604 11030 62954 9657 70085 37941 87947 97216 90112 16426 61671 91322 58418 58205 87840 82585 54749 66041 21180 4593 31759 50889 46118 67880 6882 85496 86017 44461 74447 88461 44808 12089 26102 59427 31129 45920 46052 98196 92119 83196 47069 32175 21264 55596 56728 41672 97322 85766 70155 15471 77824 18586 20002 21057 49989 78399 87892 40183 16085 45769 40105 11020 65209 28435 32458 92544 69599 10491 19154 61288 13701 26484 74117 30827 69789 52562 73406 74078 42850 84398 74372 45394 96253 96614 76170 3640 51414 705 69831 19860 10801 71994 20329 95327 19884 94115 21712 15175 74525 84026 51518 6718 46854 11146 17642 12923 70186 87334 890 63569 34868 1340 36848 91997 69249 71006 3802 9612 34057 79079 16663 3367 37694 85989 26792 86868 9322 84721 29431 29721 21020 25843 50048 55902 87011 3153 80630 87337 39090 5730 26141 57259 74745 61221 62347 81669 57109 10616 29263 11652 90737 35214 51312 91358 82076 12414 79664 91165 95058 86203 25334 21271 72420 47308 75065 16488 38312 48212 14290 34485 65670 11985 30032 58485 34181 97336 39932 41662 12886 97115 58805 38819 2036 64021 32879 83754 88316 51974 19295 7706 37819 63289 55270 14078 99002 94701 81709 17813 18144 41152 29767 74595 13702 89 27706 69947 2243 85310 33593 48888 40710 21084 46684 74920 96594 13301 91512 67656 38991 76159 69680 88894 6929 23535 31377 92724 73871 15857 52137 29499 55851 45871 24344 14661 56831 66798 74806 69218 27825 38385 40588 98216 24519 60166 54352 87297 7449 70968 27943 72006 22425 85044 36309 34995 47771 63413 95324 54178 63237 33608 92157 1274 93041 69202 29981 46086 6817 1310 57747 98156 19372 62570 9689 42472 83659 11184 53337 8834 83716 73163 53512 80365 82213 27876 24971 47881 35188 12979 18843 53953 93788 32427 20394 21235 65816 13469 68671 44233 92664 79774 93461 26296 13905 32192 94319 99836 10385 88298 76938 53119 59456 75788 64171 11217 68318 7300 63874 86932 45140 85500 76146 14657 86176 40254 92677 38297 33673 70693 21439 75340 46005 60136 95286 80925 84401 59718 32950 61515 78917 69816 79121 14070 95491 8945 25649 47463 41511 66038 79157 79950 62878 64432 80476 86279 20113 25041 27249 43409 58317 11783 37940 61532 45408 87623 95233 91500 82477 90590 97769 810 71806 17280 97111 72129 93430 59797 42393 10823 59134 30023 66705 42541 65897 3206 69601 796 4116 1625 84823 28986 74097 93620 76048 30385 19131 37444 21791 98943 56552 40753 19609 13059 11113 84440 8290 2274 60641 79156 1284 1237 51471 98495 15798 40826 12153 87640 74025 70386 19830 11787 99284 15891 45875 24503 78919 62334 94803 62135 48105 37542 61844 83193 94326 74639 1635 64818 59657 5015 98160 4331 50877 94549 36185 35438 60464 40138 71784 13398 3736 89214 95647 39609 52682 61188 93220 29407 86421 79320 36332 80669 62711 15814 69106 42951 76380 30039 31037 69550 33098 53886 8242 66470 7577 27368 75889 78620 91738 26659 28988 73469 91141 76633 57166 38852 38403 83788 41696 187 76326 81486 70115 37876 89777 15153 30163 30558 22362 20286 99644 2997 38308 58607 82650 31605 39083 59547 23591 62393 93034 62963 63937 25350 50940 54098 94228 39692 80601 82601 46024 91366 71980 60510 1068 43878 26530 35202 11255 4446 45060 4201 85768 91881 15343 20051 34460 56917 86212 53150 49387 6267 7715 60981 47718 59624 58423 38419 73004 69089 60778 68758 26519 23665 95832 63233 82796 48478 73125 8118 85596 71637 42070 94077 82426 69691 88886 84163 93490 14583 72533 56596 86197 64208 29141 89174 43173 30136 42660 41319 56653 13424 79353 34837 32598 10579 22159 6265 45687 3722 94844 67647 7594 34043 14811 80701 52933 41689 43032 11539 9218 53689 27401 67710 95766 8165 579 45948 27337 16294 59930 24812 64709 71271 6717 67553 7390 87562 66414 38604 88939 39669 66524 61929 49291 50210 74831 54764 52237 60777 8100 49202 28546 82448 8243 14550 58394 71011 14873 79539 78951 8550 89682 67570 73615 67889 75909 43513 6902 50857 12604 52772 97758 80652 41532 2333 26975 21884 71562 32116 71069 41969 35403 27002 93372 45445 94889 14417 75207 70191 95543 79656 61942 86306 52930 96667 90700 24 83835 81340 47557 65785 60296 85071 68594 90682 44402 33545 76918 76057 24798 31632 37530 78721 9787 7450 33564 20424 3515 37688 33076 35741 70833 32150 69743 6061 68410 29486 4307 12498 35788 73476 36837 37061 5518 64560 87553 75695 87462 51464 37671 53609 1008 1530 89646 20434 62833 82868 8420 49850 75951 80261 64600 19928 29370 15349 15161 704 67819 6830 36478 64148 3269 46619 39029 38870 59917 47781 48048 87175 47612 95031 84374 88233 3264 88790 83078 17157 86568 74985 26446 44936 69723 30212 85979 2053 90688 57888 23868 63229 32381 54174 49610 68220 38479 3689 77566 59663 90485 52449 67771 93591 21090 79366 52820 61431 44503 97186 9168 62397 44667 57027 70756 13155 20355 55907 53902 40184 71515 72367 61527 58498 93353 9050 51331 39501 73816 45597 76345 28509 4239 13517 10941 86204 28012 25128 95829 32042 14574 6660 80271 88808 20595 27297 24968 24165 37157 62537 89236 31041 23236 13930 62766 20408 18168 61905 26307 59212 71219 45162 12615 58787 10689 35515 63783 38637 43139 60509 83456 45472 88659 63177 9916 64865 74821 10300 4282 67212 75549 32987 86225 77784 40048 5775 26764 37976 25279 99226 76333 98068 71128 38541 28752 57253 38006 47974 91784 32366 58876 31905 43002 11623 99092 45580 57321 62015 82503 73036 88422 70076 35044 32997 83525 62746 79970 42103 58214 76715 75311 91636 80840 71933 59113 89287 19837 20502 69093 98322 43071 26321 17511 4202 59982 56309 21430 40065 71533 1511 144 41566 97442 77819 64271 14825 25965 68317 26362 42283 52229 87643 20753 40929 37749 64532 62373 75954 43029 60783 48357 88968 77181 56756 54426 60207 58483 17617 13497 88029 69546 52030 92546 14500 50697 11691 16393 68852 30100 15658 69396 85803 21441 97308 37523 68578 15111 87676 35045 62939 52223 89818 12652 61007 73366 3701 58884 18251 24849 82334 49357 44471 74146 28064 86187 39825 4986 11982 31486 97140 1289 82665 54048 99344 89273 25701 21321 35332 33332 95970 44205 77740 86717 81413 92342 13140 31111 8367 61516 82643 12124 77882 49295 79586 55913 42723 88605 49391 6276 99007 49240 3016 17158 10950 15051 57656 54967 77562 43611 2317 48603 20195 53778 95828 85074 99308 52272 54988 25441 2224 6000 6977 27763 12551 6114 84407 48730 66628 18381 54712 2701 29101 87519 58199 22768 77184 80712 82772 731 96934 13260 56002 89339 71718 212 87577 67324 72470 5298 95471 55925 4249 12004 78789 40147 58020 51782 1549 2738 20242 83041 77427 42093 63804 36314 50490 74927 62324 13439 7759 84370 52953 15240 43352 42291 58659 24658 80880 91212 56574 58794 69897 71976 47212 91254 55985 82453 16415 28404 67683 49381 40547 31646 14513 94018 59458 98111 26317 17236 42567 53588 31467 40101 16524 62175 60493 17188 45874 19944 95551 75831 75738 30964 83611 12631 68891 71951 52438 42316 36710 92609 99983 18556 6399 11641 11803 61206 49708 82897 27947 55847 70160 68523 81000 37972 40286 59170 15282 33943 59794 76982 89726 32568 96396 49091 86797 1897 64780 87059 45006 54706 1385 90535 36422 66713 85840 16717 87581 29322 48185 72582 14279 52813 53356 67847 15808 97187 4950 71191 44632 38300 94072 24895 13806 69929 9397 34557 21678 64284 48454 4631 79203 62794 49597 14515 37323 77557 30237 60704 8743 67455 80689 57142 29400 73853 84129 92982 84344 49448 99577 22453 36146 70558 94410 42584 6053 10658 83537 37844 7995 93835 36252 62036 10755 53691 3522 80519 84722 35857 37727 17030 69530 17631 56276 59519 16910 72670 17677 48363 71312 92579 80325 41772 98682 99449 24615 10653 21509 98844 67627 45368 42100 88573 54842 16718 64675 64435 95558 93752 13291 43024 55187 650 19805 53897 39097 33796 19048 16966 29811 3183 48704 3172 3098 13844 83637 852 3857 45689 14831 76110 55830 86156 14589 53018 26719 96238 64269 41561 57685 39045 50025 18270 10577 2295 44851 5280 70410 69795 71292 15209 69258 11870 73941 69355 68667 95839 72941 70371 88518 29242 28346 54261 2180 48492 36124 8417 60499 43232 12107 33873 40509 26174 99197 97922 93618 64241 26018 72705 77391 83828 87804 60751 85865 67295 83322 84448 56238 36691 45443 1871 74421 82576 28779 18833 37488 27720 15066 68340 65526 33030 32830 17064 59316 77941 16076 83359 97323 80587 87871 49214 64159 29906 12193 7289 6979 94522 4449 42410 47114 25613 7109 26811 6879 9776 16156 97513 34262 52475 69441 72408 54640 97642 10113 70340 10879 70949 80516 50893 60497 28757 54868 43488 51735 17463 61084 1025 17121 3526 45848 43559 39456 5028 88721 1141 5960 2866 8685 98828 66878 69905 92905 40304 59219 51410 25261 1746 90680 89056 29338 10147 32452 64452 46613 64365 72111 76884 63193 67823 52518 25665 83704 30344 94573 1040 47676 83796 96781 41327 63584 30842 52722 78031 53191 93071 29302 27648 15523 27942 61225 16905 72832 61778 56239 80690 65309 26574 20829 78575 72912 78487 56810 18320 50130 25061 27178 163 3667 2259 52089 83024 22949 26645 56715 47583 76113 75970 29465 67374 30392 47907 65894 66617 93500 66484 78849 40765 40255 43403 24026 19398 56859 4309 40133 99138 91619 55665 74425 86311 6158 23856 88587 42083 47185 97034 60086 41988 98307 4756 77306 66120 18799 82370 40638 63001 20935 29791 48588 92446 47750 4014 8356 45828 78431 89586 32505 30327 1493 56579 53974 55619 89383 95836 84297 53097 9076 14582 21671 1671 80066 58736 4236 72914 57421 31658 8316 62729 52678 35456 18240 27849 46703 37257 29165 29177 73578 2817 66511 28270 25773 74594 29998 38527 36604 88204 12233 86874 78011 43146 3938 29501 13428 25992 48771 33442 44033 55226 5926 31580 1662 90832 17477 36742 25646 21949 41120 75208 77745 93118 3171 9281 66302 55071 83684 4646 83458 41957 37971 68404 62555 90723 22108 2177 98900 65887 24850 32687 48305 88541 75581 24896 86908 79382 57358 71334 83016 72348 59649 46568 5310 6694 16711 64162 51542 90579 21045 80245 27829 93440 55914 40527 22132 95604 34435 15618 27647 20152 83770 39644 75704 72783 23075 23030 73205 16114 73345 55292 71955 83374 60300 63214 84198 73758 63960 18827 10940 66358 10321 40503 82638 90354 30551 55395 15806 82233 51660 58680 23563 70070 13264 43731 10532 59638 67882 57076 81843 82414 66965 56496 58463 12882 90145 96412 50515 18437 70077 98321 40788 67301 75630 69753 23424 96292 87515 62150 78771 63282 90902 72 64918 65721 76765 68408 67157 20953 19282 68483 30025 76377 53723 48641 91736 91411 75266 11394 36282 26426 30504 13115 63902 77722 47971 45400 20403 14426 668 58109 57320 53285 1930 91560 83999 83844 72507 13110 91493 63190 5993 29919 68006 25890 66562 19745 49927 86851 61548 58198 14486 96510 28419 81433 17565 82519 9741 27452 24870 68174 21982 25584 51906 22309 47916 3647 46954 26038 17207 42275 63449 85685 20486 1881 88584 68631 64906 64710 39661 36068 37053 93049 61024 7977 48864 63344 71095 30617 53065 24139 90149 53296 13630 96733 89208 66262 40791 69717 76193 4210 27015 50309 79805 93306 73305 71552 87514 77071 39709 15532 6527 11440 9178 4659 69272 90951 29428 48067 26763 79478 50027 85453 69771 53658 97049 6446 18996 77501 97835 74714 31474 19139 12497 31541 12168 9279 61119 57878 75436 97601 5031 35373 59526 6976 59254 71566 68629 52418 43375 20792 17849 71775 40328 11911 26855 69224 73022 9974 19074 47157 55994 73252 84056 42319 1787 64393 17067 88347 96692 99745 72875 36615 53306 76816 9777 53979 14682 46164 78272 66815 95594 29148 79118 96057 9263 82156 82467 55183 27661 72247 35084 77993 88507 4136 82182 87268 62303 2415 43049 92066 2900 7461 55958 48820 69860 23195 98418 81260 82074 18981 51891 86107 38920 39402 64179 99581 68597 16955 74057 96401 91839 66434 42061 69133 44291 2285 33009 1525 2814 9241 69085 49769 41540 71302 87861 43558 24479 89562 4997 63275 5559 29710 36099 81920 12712 68561 95535 27869 89648 60530 51425 68419 48186 57913 30047 62776 66326 78724 44876 89917 47446 60441 4596 85452 78086 16505 81245 45093 44453 76640 6552 37967 59135 76798 15196 64134 23432 80808 58831 19705 17833 31290 44499 94661 62715 72242 40698 65584 52858 97288 71714 70831 36273 35630 46168 94735 82997 75287 62677 94597 31300 72325 81889 7108 28039 26035 6331 28200 94298 78554 64138 65415 64475 53019 52437 43013 78735 77623 56733 17217 23328 18287 80071 77269 47031 71001 47648 74489 56050 54968 35689 33961 81946 78313 48949 18376 46890 72230 83109 96376 48280 20632 64910 93245 73057 81816 26332 22821 63812 56865 56543 19824 21462 43875 95781 60486 53327 38659 61196 55823 28010 72528 26030 49496 28325 15474 28041 25709 32396 75215 65402 16255 65290 56377 21867 99508 33173 50397 44036 86249 28778 7382 70944 94808 27022 66161 91188 19453 68539 16328 79838 79375 10980 89745 56194 89896 58196 80814 63471 94386 88687 45671 10821 59523 81778 99703 24162 86042 22048 86035 21317 52622 48405 60183 55040 30073 85434 33487 70497 81482 4852 86088 93846 24497 13411 81350 80057 9650 47697 76399 22501 35339 43821 48694 49359 68313 53391 72500 45757 6705 68096 21122 57632 58447 37139 44355 1365 87939 7902 29795 43092 32797 20460 57558 80553 47837 44569 37920 72578 44085 36832 72331 58891 36887 25785 51008 51198 83670 5527 76677 2559 93640 82828 5566 26467 6071 68957 30721 72661 96167 1660 85774 77705 70405 86392 22937 85809 67739 67513 37078 61261 50053 29270 92682 52219 1721 23960 96181 7222 23013 25618 25108 59204 99314 29058 26689 99038 63272 48188 57338 99419 62944 28780 46462 26767 84874 62658 96528 49771 18163 64593 24768 85884 96384 4649 32163 32780 93442 32927 82676 55775 28921 5658 67988 41340 51709 40355 13958 89968 98489 31344 24567 14103 90011 10261 39156 23134 57571 29780 91584 97425 51869 46534 80266 18005 5715 17300 14092 96235 65505 92330 97174 84725 42474 57788 52457 85449 41633 22568 78340 56418 33790 94042 28243 26567 82939 72068 71364 54914 2580 9349 25410 60652 47259 37932 75026 27606 33782 78353 24035 13931 2723 22564 40343 97774 75863 32314 58136 71305 32995 62325 60932 92893 18784 55204 29730 99562 22183 14548 13018 85347 54643 70321 43142 93709 70655 78752 11992 29204 1887 20386 12522 6611 962 43112 69330 16784 78544 62896 23183 38922 30683 50549 39022 37501 36225 27723 99845 95145 97671 84609 39662 19859 55453 41944 28342 96727 53091 56043 82447 14185 46308 66790 47815 97802 45164 9411 68407 26258 46672 11590 31608 28951 68859 1995 10970 75904 2086 44695 67225 63485 48573 87174 56192 71458 87246 54337 76597 45096 34967 11449 95365 9956 68919 1761 39380 41625 48727 37295 22323 31639 36352 3933 18430 92014 48516 86777 36152 54721 62265 50729 37564 12545 24062 52705 38623 53163 74353 2777 78271 5619 36038 56911 16336 50211 17039 57662 46461 30225 26229 26392 62835 3155 86367 11221 40636 60890 89940 28027 57828 40793 29410 63536 16830 50967 45695 31228 1491 5974 23202 43458 70083 63829 95351 88897 83144 23898 92481 47723 21386 37457 68583 64019 98325 83717 88203 59538 54245 81642 51592 12958 69873 44815 1315 88865 11351 37384 61995 35442 15376 44899 11090 15861 55150 73770 14649 91074 84884 18506 24861 97000 40291 21374 50598 90610 34245 63554 70914 26478 98770 88984 49986 85383 99797 85342 89295 7460 12546 71077 5055 37637 39570 9350 32983 48122 67270 33467 26225 29601 9471 63793 33174 96788 74980 13043 70935 3499 99722 65424 66428 67342 54554 21574 61485 64939 8968 46930 15159 5333 48051 70245 59336 1294 74049 32588 11155 26944 80485 6443 33015 1240 13422 26590 19603 82259 3312 36477 92029 1922 75854 9573 75984 31272 23700 87396 23930 98379 62872 89622 19594 15102 81580 84377 6571 86537 22586 11012 56098 21011 65855 89256 44247 65045 68307 41449 44971 46437 47243 73786 34977 10170 80942 43930 56862 1712 64715 39475 1732 68080 22984 70291 14403 18659 40702 57588 96654 76025 46903 69467 98089 24793 45139 64195 8966 95189 16244 60328 9436 71628 10263 45822 25535 68617 83363 35001 89956 46736 24059 18204 41343 27783 1905 96247 62336 21742 83876 73531 19434 98508 2578 6074 49556 95621 50597 59261 97165 20940 34165 5569 46702 74845 73966 36954 69931 61379 4426 78146 68548 86783 30278 96469 78206 62475 94226 78243 5929 14155 37597 29818 3902 78700 17174 10569 69431 68589 38344 2978 20955 87626 65650 19333 28784 82752 38518 11279 90067 91092 7732 12177 92638 25011 92563 54919 39286 5120 36910 81853 26712 4226 33864 45823 84123 89216 99504 50548 67826 28557 71747 4550 18815 4942 99691 88458 97492 72868 931 344 52748 83548 74001 2957 61612 15951 8505 58367 12588 57065 11438 52717 24332 50656 63787 35116 40179 14531 73268 17351 70425 56696 96532 2913 14266 94458 94345 95003 39977 54308 32826 41737 83382 53920 21737 36648 17964 99734 69007 72590 23985 41537 25084 57001 65736 99493 7337 58974 82108 7013 18046 29074 78039 78615 44373 19196 98965 48214 40391 65195 44429 70600 17721 63590 190 82617 8286 3974 75068 1718 37773 92917 42466 94211 59531 79342 29210 94381 20575 17790 93650 77117 41608 7201 83096 92531 92688 84668 85529 26016 81463 22380 89437 44562 42201 74156 18978 3530 98989 14207 86782 87173 84847 53498 28314 12462 20038 87538 86339 67902 92051 26374 36818 39461 24585 92386 37284 752 70029 38910 47550 58038 97884 30564 50703 57538 39362 61296 24925 9771 68392 28863 47214 42234 73526 25366 79205 23760 47349 80834 52848 20637 92550 52784 21493 58364 32717 92198 16297 43320 12817 5261 65717 24087 66427 29583 23248 42556 27914 12052 87499 76581 74518 1100 14757 37152 59535 28994 33916 16564 1725 40704 71866 67320 57471 22756 77955 53739 3850 7135 19806 30708 69648 61019 1821 77515 64306 70580 79865 13824 79240 17871 88307 91393 3927 62271 20245 94828 19323 79374 17818 79293 90642 26889 33833 65282 28070 35796 99049 16924 20398 57554 59130 84258 5395 32001 99512 42108 45800 93917 34067 56851 2656 13858 26129 44090 94348 28530 52282 63718 62477 19589 44586 87505 1913 37573 33390 253 77884 80694 67356 55647 87171 7826 25318 6511 90108 98726 15239 19656 18208 46645 25175 40313 66754 68984 81038 58186 92503 46161 59207 45290 79653 60801 58460 50820 33004 53343 36118 50749 21859 43969 13114 60401 58458 16565 9362 64658 63209 28619 97314 48115 82498 66997 23987 72292 83628 41543 32661 98407 62645 65297 8829 93939 16906 21246 21564 26289 51163 75471 64354 9999 85725 63813 13044 94005 66711 40479 20092 83364 44106 55481 51533 82452 71617 71996 74529 80856 54751 55666 70142 65326 31338 25390 87298 93040 29814 95915 99356 14024 17881 41169 25017 23629 3715 40322 86606 74963 72728 19622 70876 23675 24254 25922 90094 72852 10526 428 73896 57031 93985 22311 28973 9402 88340 14041 95640 74761 41271 62067 62617 78926 95298 54651 5327 76418 4886 37463 20550 49959 58786 79364 69983 97280 17955 42054 23215 57202 29719 4589 73003 20517 98357 87833 39576 27788 27919 9661 76980 23135 13870 82835 68121 28038 4339 71724 10082 52519 97898 13850 50696 64870 43793 71153 80972 17298 98097 14928 22675 17028 7543 38903 70614 65978 33468 87285 86528 16354 91966 33488 14590 68245 73569 55025 94635 92825 54535 66425 2944 16530 27760 92384 37032 98046 4140 8220 71693 53183 37780 83995 14282 57963 79694 9981 53417 52595 53472 78754 65336 51574 67029 168 96833 52055 95709 26473 55820 90501 67383 13347 93031 34271 43343 4966 20154 10747 51536 4069 62276 4134 36934 80962 57805 33578 58048 64233 52450 45507 76961 4211 24396 91976 87151 60576 70395 75291 67568 50964 8065 83784 94935 90076 30354 38594 22533 66689 76306 64367 59972 41712 80970 54015 38447 93793 81667 9766 99958 6738 22905 8198 23018 97449 19558 84259 41354 6458 14002 3591 50416 7737 94788 77421 91954 10221 14518 28655 92758 63017 23213 41459 89963 89435 91712 25377 98449 26871 56630 28469 15413 8709 66539 93749 99895 26785 88698 96509 17172 91332 87264 47236 97443 3475 6669 93334 72624 27193 47315 86809 27151 58415 61637 47217 31097 81057 5994 45099 20784 16520 72735 98950 80355 43839 33528 89535 14512 1292 73926 728 61832 97893 66926 23196 91001 73410 98423 38100 14270 6522 98556 27074 51702 16979 89861 50487 20752 98039 77165 20904 4977 73231 87318 68641 13994 85446 69772 54801 81378 48738 60217 28015 74272 85843 1470 91646 99185 67558 42457 642 70744 87925 67067 12184 2894 55903 98510 32379 32424 33319 4618 92391 73296 92282 22464 54411 65658 76692 52074 47124 90819 12976 1998 82548 24921 32266 94483 37027 6617 2261 22013 57178 83561 26834 873 50197 4421 98475 56464 38304 67096 32793 90845 24057 81876 54119 14120 53799 41199 37135 19911 41322 39963 98186 88561 67017 87680 97124 99798 59978 20723 57979 37708 55727 45804 42603 46004 68714 83466 62427 46640 3177 20396 50012 37174 44728 36115 30118 55086 21359 17111 53894 89898 30328 11637 86499 23570 65463 93563 41950 8280 43394 16360 98334 91423 98355 77465 74827 51316 89465 16266 48003 95943 97603 6908 17364 93775 92886 44585 89495 7018 12658 26787 19071 47202 83804 77225 90714 60998 17384 49575 67927 72254 8207 51449 39106 54125 81112 26915 52319 65907 86342 84037 58266 65845 48656 15626 52114 32635 43797 83067 21976 94693 66967 42364 74554 53623 58512 24423 92735 54319 72584 98168 32496 85826 74465 50934 33160 92887 36496 22846 92542 93800 84492 5161 15232 43203 8261 91714 1559 93060 38642 86072 47993 74737 94883 11661 2917 41368 99813 14846 73432 5468 10788 77883 32740 286 52702 14914 30040 39105 86657 71506 7279 50873 39870 56791 99899 97635 72781 51408 65308 60921 112 48310 77754 19865 73746 4904 57480 94011 7581 88520 46182 87838 25046 29033 66889 57905 14158 34817 90591 46178 3828 21344 303 52624 24989 59191 37830 67682 52681 10517 10538 56644 32881 94361 32323 3167 43835 17750 50363 83435 47227 36878 92694 77310 73426 24301 45035 59904 19197 2510 25284 2118 24203 62998 34954 41480 81571 93421 83575 14956 93908 66483 38448 83816 33205 24006 61465 60468 47323 65213 94551 14950 99210 36298 34119 31 2851 69400 19248 1131 49486 21222 29238 58039 62773 24208 67910 3710 3384 33555 92957 93996 90562 25511 96307 90541 36541 18481 89045 35977 41648 28605 55826 12605 77410 19722 38935 33748 15794 19292 14296 47717 70946 70118 67523 8920 20274 81902 32214 90066 85098 86673 79535 35716 89938 94894 54390 95253 73078 79921 50014 72106 23377 26948 52150 6484 32289 69961 60503 78125 43789 85869 83483 2521 37009 77196 23809 73514 26267 98529 31198 53833 12531 52958 33908 71066 95302 25065 58036 16130 42573 5079 37632 51867 35893 85366 2674 79093 50793 70271 57542 63818 51054 16658 42068 55148 56478 63242 72761 28943 64991 99574 3099 57425 5687 18355 44926 55435 8425 58156 58555 99291 59356 24068 84208 25307 72525 72767 23366 83592 78396 4182 91138 88778 46292 71264 27979 73460 19211 77640 73799 32713 37692 46329 6228 44645 84741 5509 25258 89680 15167 5057 11969 18643 17571 88223 73574 27515 93244 9135 61845 87762 41111 96761 56304 44004 95222 92045 1929 47330 20219 56057 15621 68118 93808 46735 62805 14318 33896 35157 80855 4351 82464 95465 51381 25345 54172 75640 46194 56423 86019 26635 18400 87012 73435 57217 30841 1078 36180 19314 87810 97815 27875 68937 86062 8819 62155 21661 62262 35330 72476 12816 79831 67591 8247 41556 46385 85781 27345 76694 72045 22181 38925 24289 64965 38885 61210 80830 43066 71906 37775 96135 81220 21253 79437 19134 72837 75066 78020 29918 21863 75050 58149 98455 42705 33437 86153 26486 49945 92526 57793 27968 58467 29446 59363 3309 71694 81564 26384 36576 33426 60933 94962 11200 5908 60942 36953 39340 41628 7628 9904 52280 33534 29497 11373 30358 32688 8333 79599 66875 58408 80745 33762 21298 60955 12713 57375 62916 94395 62665 92138 74971 8252 67278 19525 24150 61847 30299 68626 44386 97664 44289 58333 49625 59251 29099 94266 40202 33878 90162 73075 40981 23639 88681 85990 93329 98685 39900 89830 17947 25190 98494 95643 24823 91689 14993 55261 75728 42697 4911 37286 39822 66582 62609 46587 47987 69825 17741 85416 28894 3502 42084 58242 63179 11805 74826 61697 39731 79564 83972 55446 5041 19144 34632 29183 66202 44169 59751 8933 49469 20119 3958 19475 44209 12423 12504 52844 3930 84494 13310 47628 53148 52090 39769 82376 61318 85784 61135 24232 41718 9137 26000 93427 99954 79128 624 2596 52065 68872 56735 37095 56581 99139 88115 51475 16302 60972 73379 74457 55777 69635 85978 99842 4310 35654 38097 80444 88554 66722 63376 40023 50574 95361 26076 43070 39473 45065 34774 21531 17291 25440 41618 46112 76580 94357 2927 9329 73575 88581 57623 65031 15393 43200 5886 8667 61357 99507 79204 8010 21255 76648 77801 41529 48241 38050 23091 90809 32593 98297 90381 4440 51398 20980 42658 5065 28968 74227 36566 908 79235 82637 40673 21178 3780 11214 87081 2469 51753 93238 92847 91740 97550 82343 13436 85102 94171 39292 70183 25625 90635 63956 49982 75878 69982 19251 76247 31675 55539 67346 84985 7869 68166 32459 55699 45188 4854 25196 82038 78685 69322 53813 7908 80567 47356 84988 53443 12675 40860 73603 26107 55803 25137 12248 7879 68612 17228 50989 27959 54896 64143 50163 93927 36310 89760 1941 78667 87845 47731 50153 30594 49056 62727 66884 14676 60221 80497 3495 30614 39102 63207 13305 70079 27839 93710 78475 11071 93981 75550 72889 93273 26747 46642 57080 51798 51103 8724 46046 86435 48885 46525 1044 93878 36471 52325 41614 8541 52233 56138 99382 33224 81859 46427 24795 89563 14205 6708 4417 84621 4675 94876 63455 27090 81409 61274 48922 86536 90729 89217 15965 1407 46392 20101 44996 14773 26643 34958 75075 23487 71214 18856 35657 51606 91249 27326 36475 7002 411 76530 75740 70733 4315 57232 92347 87773 20767 77619 2438 52235 4544 19087 42178 23073 9790 57931 10681 84590 11177 53101 88243 9996 3441 61355 39793 78737 91542 90459 49823 16379 60983 99452 20078 54759 97662 53324 57709 48930 78727 90841 86369 95611 79995 52081 86165 753 64801 1733 56752 652 24178 98479 37026 15699 89381 41577 15714 50346 50863 44897 87186 43700 20681 19708 99645 56922 71671 57003 31913 40041 56822 41698 13197 98344 47766 49676 57098 85928 51470 18518 62749 97960 84191 6235 64662 17784 96449 96674 93136 807 32620 95674 93396 57936 48639 75086 85534 32862 28684 92457 52222 41868 84298 55906 73833 21195 65593 49582 71009 53328 81881 21705 1638 4970 16211 6723 76943 34792 53167 61474 49952 91336 58412 55153 39513 57123 12779 64123 12810 48987 85294 3670 31961 81079 73452 78532 85572 96073 79357 52197 77341 57047 83038 15121 73702 1189 40540 13542 28306 582 63307 39371 20915 25445 25276 78953 5770 16063 95978 59042 50341 61754 20741 53089 76716 73496 25710 8703 32331 91870 91711 52056 42557 91750 32174 63510 21794 22007 6376 75411 64406 93739 65588 97650 43662 43663 75968 32093 17903 97804 53035 93860 84211 89367 83123 19298 94950 69256 59958 67946 1379 94309 42692 8477 92718 90599 54930 89613 73155 81418 36976 76948 95517 83720 47994 49129 41361 6931 96821 41927 4076 30942 30824 50422 84472 68341 53770 53849 83915 53670 87669 98415 56551 92158 43235 32794 75861 74311 67104 99951 85357 59063 70948 50640 87143 88489 20524 65306 78884 87702 7356 16183 52971 72347 30965 9842 99075 46173 80172 21055 5113 92970 55625 15065 81812 25208 82223 71133 48805 94901 1952 17375 22231 2629 2199 59656 68472 13376 14190 20678 47 40569 52146 68029 48800 88219 26806 7598 62142 71337 12457 46256 83397 30705 19032 5647 28922 74176 38640 54771 62528 81776 39013 28401 22957 26762 73715 41656 75198 40325 36 42247 73688 4846 51319 61258 19711 23998 89164 87255 36059 53845 73486 41873 46322 78908 55698 27081 27171 52455 13433 32530 51342 94862 36744 71669 99082 5493 58540 60350 66586 26420 58332 43175 19129 95379 58648 83813 51719 16760 9122 21608 30529 87697 30735 93079 65313 63101 15976 18614 48346 50312 26334 54452 57240 76310 14042 22545 52569 61383 7650 68333 97118 27062 42225 9410 25934 31480 62342 20746 68890 31692 92636 72817 1934 5786 33359 57787 78287 97799 86189 21994 36683 47066 17299 2080 6441 34862 79243 87918 99050 83665 41865 97836 92562 56104 78559 98601 81058 61626 16263 99100 70032 39220 34734 43713 25657 39194 19592 70420 75403 99432 57690 84213 28640 83345 28700 90156 41276 39785 59127 38626 47801 30082 2495 48166 81240 53348 72297 40943 92622 2114 58112 58057 1705 69221 6077 14743 52380 20457 7066 44290 1567 78161 77630 45489 60392 77810 53876 69337 95267 50543 19452 83530 8766 28615 64416 72886 48792 24988 19547 76868 35486 70486 17208 26893 32767 47347 14250 4472 17683 16018 98078 35891 57226 23233 20156 10498 92079 73070 54149 70088 88349 31779 96165 47316 27506 99918 36126 85352 4080 12147 87948 74849 36621 93173 15615 40670 46458 49941 72976 12424 34894 65916 58598 95690 98414 11387 19935 36547 39861 79825 26694 71555 67615 59833 67226 21691 2091 61782 96753 84774 68440 27509 12692 33569 44282 46820 88872 68878 18065 24708 38131 86424 33613 17294 17129 79123 51914 342 91310 6906 78423 13159 31367 85940 98305 39319 85793 79393 88258 94927 27988 69984 20521 76332 98109 71632 55897 7921 24039 20256 28673 60178 24757 36378 17051 71953 94086 72918 56854 26912 7883 61569 61982 69386 97977 48361 78577 81307 69054 13241 66641 79557 77592 17472 86548 2595 94205 51912 86551 92675 19632 95209 66290 22503 79124 12024 37372 91643 95290 6937 54946 86502 23717 26854 47656 15607 62275 71735 83066 93896 15774 65182 79399 65931 40743 40504 82616 46798 6033 15670 85775 47802 87079 58986 28602 63283 64903 35348 31138 57849 46916 4607 25683 66459 45247 20155 80092 51234 36411 47655 69244 50950 79523 22336 12783 74128 7988 32445 57179 6177 50113 35557 85268 41646 20240 28412 18785 71384 47620 53999 80077 90367 27811 18027 47496 92637 50127 49168 58229 94570 52042 65026 67517 97197 56547 39895 32056 61583 73056 19964 45432 33027 45999 43581 40546 38786 80660 80968 89817 49567 24758 67583 25434 23299 91829 27041 25118 9698 82387 54903 85790 59378 18219 33339 84595 36238 41136 65116 39225 24665 61354 60962 3159 70768 47328 21611 57359 43419 14560 25164 78424 59224 67195 18638 1558 11927 73766 27791 18268 6329 80332 81185 48026 68967 29013 51808 48931 9796 75001 46995 9852 31794 75132 54997 18342 86916 28308 47533 74154 64525 48344 73255 51478 60516 39781 92023 47875 49059 851 37101 1242 53744 23594 47569 66311 19181 14385 17238 5608 34525 61078 69066 57173 25826 66480 95078 27830 22086 80930 90989 39952 16410 71609 95279 70958 74740 83629 81395 86602 87900 63230 64814 67361 42484 584 95066 24409 37250 94652 3601 70177 63619 82566 69626 75479 80511 77484 32858 60648 10445 25480 87962 86121 33522 84020 87501 17156 16451 34231 41270 90125 29441 31478 74656 42741 66719 9286 81033 23995 43046 59781 11464 71861 89512 48980 2952 93332 98942 30657 99538 29030 34244 90012 58840 17990 70735 64652 31820 31356 22742 58177 85719 20129 63312 63382 5149 31151 66678 18252 79822 87019 29005 12702 59185 34131 26595 66403 43225 55770 302 24760 82805 77703 75461 28924 82249 73745 10649 21472 86816 98091 31250 20797 62153 25854 34288 98274 99487 28809 22370 15989 73338 38228 32098 81026 98056 70811 54173 12638 5749 41236 4209 87618 32893 22884 41583 44614 66658 40068 38426 20440 77660 36998 1423 34925 9114 78180 84504 59388 6113 44549 20010 54491 13432 80236 55079 37292 5138 33744 44084 79606 32755 76256 77961 1991 13213 58034 14507 39788 90846 30740 92028 93506 10065 26836 41334 22259 97410 70225 16774 61460 53058 67083 66523 2194 98007 22502 56058 53446 17441 33940 35184 53769 88336 66938 43606 5140 50088 61280 56601 77925 16886 9258 75810 33299 75082 99008 33922 4795 87027 73014 48156 7719 51857 68035 60688 34567 10494 70630 24016 44778 86205 75098 33678 39516 28781 7074 34170 66607 76542 14958 57442 64995 24914 35767 42059 48594 49474 90686 91980 98261 95053 72267 93882 15368 59027 86773 76111 55013 7640 42992 80764 75859 16639 22776 70712 29137 50733 56165 6627 60663 78733 68186 53731 30388 59559 4457 7685 93902 32477 23753 72559 98742 99966 91470 66845 17148 70026 69667 82849 91687 31701 65140 84431 96448 33103 69489 95485 45973 67623 28862 88532 56943 17883 89650 82927 59533 61656 15589 97847 17984 32408 54288 49677 73625 53201 70335 22653 71559 5769 90957 99988 23735 52864 57602 4627 84460 43909 46780 20967 84501 94440 23204 50948 75048 87425 13013 41099 52565 49511 62964 22293 99236 73058 78439 76703 22790 23847 81836 45170 62419 66408 36425 39452 36756 75687 15069 49350 50662 79753 27091 87831 65774 32102 50522 31944 78839 8360 58551 24711 15818 94555 39619 8337 74597 95906 49317 41153 54810 18716 51933 10129 73781 39675 17254 27446 23870 45363 95932 43302 35744 87970 58216 98743 85215 86312 41283 877 5879 42394 44105 22106 60081 38377 87389 60592 96230 54532 40680 17268 47602 43748 48417 79883 97532 40469 49829 8686 74976 7711 77097 15009 39117 17359 91418 10973 19984 65627 54779 4337 53250 71412 91009 76555 69254 37919 95572 67733 36750 17672 59452 24012 9827 39484 95727 4697 9736 91464 8258 97930 30192 76224 49063 19949 10628 16654 57947 50065 27202 81870 65544 53660 21965 92159 18986 96423 12320 85242 41231 99114 87271 44520 74102 78059 86885 22991 51080 59239 63114 69449 32559 49890 90572 33300 71859 12136 60434 59507 39586 1522 9353 23548 21478 38011 3047 30242 84964 87256 12399 22662 37665 44427 36679 43290 65779 36938 76583 29282 64983 12895 42586 35369 95036 85970 8491 10162 64205 17014 86083 49053 36058 47220 45014 63274 47852 18895 20100 57492 87521 54162 59133 87903 44096 63951 10580 51621 71527 76556 35600 32914 68152 93756 40934 88196 26710 68900 76968 41949 63984 96877 74100 46310 90262 71905 66799 40370 47335 4068 48498 90705 38549 59884 74666 96428 6286 79728 46376 56532 85962 14739 11714 68574 66165 55740 3727 26790 99528 6464 37112 69711 20366 88235 58996 72882 7492 8418 74605 20671 87006 21234 16363 24550 82735 50861 18888 93974 28760 21977 90765 36999 74026 19285 69759 82152 14765 96303 19252 36931 53932 15363 17733 21332 14673 57626 30480 68403 43583 58509 12466 98450 2119 18319 67841 33826 25027 9925 45741 53890 6654 93108 92077 86158 62073 16882 35673 1153 80546 18067 23187 88705 28450 63582 9116 38407 56293 20842 89129 91066 51605 54215 8300 13154 89026 34551 68492 2159 15143 17082 24176 28286 40696 31868 81623 92326 43105 40537 89327 15178 35905 50714 22043 76031 8489 54586 15389 71633 6904 86659 28289 37299 23272 65822 10118 90945 10035 11978 87906 484 23474 82847 62180 86512 55026 23430 92722 25605 77663 81013 7778 50868 62696 99752 13276 56453 98955 36895 44882 85273 58962 82347 8130 52538 56427 20496 41252 97763 49507 73212 44459 38420 2270 72365 53752 36480 35481 12550 95208 45733 93588 604 53338 89743 79614 13358 66336 6213 58425 71863 77289 93772 27840 25335 21319 70818 64507 94476 44361 49825 86775 55184 46249 35550 63828 11195 22062 63908 92627 44493 60149 70920 58126 97482 66062 20464 33973 37198 52783 57981 57848 30189 56228 80919 36381 62607 25948 24049 28247 56845 62841 12293 33368 38817 1329 66494 5806 2369 32465 90762 88279 81375 48590 62047 10108 58692 7093 67183 26666 71173 39364 44108 54947 21702 20300 79813 52710 53429 70846 43269 50374 96126 99702 19979 4024 44122 71333 29375 53362 53358 17175 38480 58645 22819 86132 79698 64170 54349 52762 75872 14902 57958 9206 81512 12938 31429 30138 1878 63288 79297 40610 73886 58627 54916 77379 60439 29975 21048 44536 22859 58238 73259 28965 52913 47203 26117 6678 44819 70445 13642 70217 99258 20774 60601 53026 11140 65800 33635 25916 10647 29181 96597 78644 3716 24940 48248 2056 10500 51482 14098 95476 95683 85010 18010 29927 83051 60807 26626 22205 86224 68469 28624 9176 56263 8788 92933 72310 33118 47363 17199 59379 16548 5391 32786 43672 28931 93570 98378 91416 97576 48360 58949 33179 42505 57842 2512 50616 47779 90901 43951 8665 90339 76222 70031 66683 24319 94385 98857 51351 99098 68718 49106 6024 9020 56281 30386 81415 83991 90898 20669 975 42016 31252 69071 42655 80697 72159 27927 34152 74191 14675 27512 5154 27522 89560 17488 3505 34324 64819 69589 55622 54200 60911 85431 81707 87426 29936 29360 75966 39224 12149 27964 61555 91373 1030 73712 4323 49752 21879 9934 71822 50369 59383 21302 4588 24556 27048 81459 55196 75214 88060 59374 85423 38411 78347 43827 92610 71159 52115 37190 73681 99453 26804 532 67971 54857 51353 68902 97229 40406 32962 23413 48436 64149 47775 16118 40850 93721 37951 53369 88021 2393 3277 42633 66181 41832 89296 33769 42745 65433 15330 17579 84256 1255 6155 11222 73321 42398 24547 97195 36401 15628 43607 44324 88753 77474 88319 52190 50552 17025 84989 69175 29417 96740 46876 30398 56537 70461 92746 63947 76866 12282 47749 69812 25562 98795 42699 65474 7031 10252 41135 42431 97878 40374 54320 43483 56387 38850 36399 10202 85267 69226 28626 20126 3597 20910 49460 95039 69775 30260 1989 25755 74269 31489 66958 47132 76759 67843 63556 34802 86854 45470 56333 30232 38694 32428 81363 55036 71548 72568 8873 5756 99155 41904 82486 33894 7487 818 62771 34398 76244 34441 6389 78143 81443 85108 10010 33394 6566 6917 13268 21487 88350 39517 61557 9837 5212 51495 585 65710 36484 7404 63776 25819 90840 19343 67437 70986 86215 63707 80716 72121 72412 49630 29415 72971 89625 83522 75367 45640 76888 70587 50491 89755 50295 12091 56524 77161 16286 43780 78126 1179 27989 15030 98947 86634 90344 56771 38524 92655 15910 37595 85595 50147 85557 81377 14200 94543 48076 7022 26870 32235 65680 50578 3645 31264 88831 61269 45225 16953 66733 76167 52618 22217 80121 69700 18761 97938 35077 87690 49526 46196 79609 55563 95249 83890 5737 89149 87164 95731 26899 99780 42143 91739 89094 88845 97790 22300 72238 80024 94531 82914 40869 20268 50975 39250 84700 50519 62946 89753 61993 31625 82230 25920 84361 21155 65036 42657 26545 47173 66610 30606 18857 86953 95784 35707 30306 27544 20523 26702 42325 42149 56741 12647 70233 26632 42385 32880 85127 38821 24901 48329 26439 78190 99321 45586 38866 36167 80298 28608 66949 81071 65231 75586 92000 86734 58012 1167 45160 38908 71295 78341 60015 6983 35733 61841 97720 82705 96754 13532 35813 56882 79043 86199 26211 60416 25111 60056 30930 48402 83327 52408 71813 72103 78237 51172 38953 85006 87209 15218 35756 26132 48533 79266 59810 80611 78259 26737 79616 45909 8068 48331 20120 84710 26010 4420 44110 86265 69515 44572 2109 41427 58535 7445 86961 65977 35251 49697 12433 54413 83622 92063 88506 23386 30170 49247 75912 55194 38767 28014 3214 62470 48134 76796 91858 5135 133 33893 35115 13438 64121 90768 24552 53562 43726 87931 85851 2658 63139 63628 93505 28355 62296 56779 32624 4165 42792 85156 90205 37570 84853 89677 41749 5906 14872 20082 11689 23168 50261 54739 98251 50628 69510 31055 19093 68300 26698 98763 44673 21107 55401 52026 36494 58519 45425 19679 57635 89786 53864 19858 86159 56125 18037 72599 6859 14449 70171 67283 88863 16566 81569 2335 85564 88770 26015 25803 2520 76571 51775 30290 86469 71399 32198 75849 32238 6689 36333 1508 85219 57054 30323 8915 92338 58114 72487 64764 58853 55678 40264 57998 45705 64696 60630 86566 22872 43214 5091 72834 78288 62661 93510 86577 35448 56484 48237 95473 62791 49668 20063 328 71058 56977 18479 30456 38634 50710 72466 71783 49386 55921 82625 84465 455 34430 81985 55744 96604 20932 97200 88621 92308 41736 29422 86067 63202 3750 18710 2342 32964 77262 22492 6459 42407 30603 45866 7757 82013 62200 25143 13909 12239 94829 3567 98076 44132 7580 63913 55918 4614 24464 13656 39180 39270 14218 67327 31767 29681 16878 78569 68240 69587 1176 84703 42685 9609 14036 66591 81390 50459 18562 97108 55908 75517 11205 54915 77029 34736 67764 37882 61201 40555 65426 76548 25105 20354 85649 97382 15773 59150 66584 47652 84334 95439 5258 74519 96207 83372 45592 58122 82832 611 40949 32854 64068 77523 6923 83918 35739 13076 82224 63592 38737 23458 44359 49140 37083 47982 60944 77344 37171 26966 21547 64345 44685 54005 20631 70165 98626 54908 93062 3310 26688 10773 54730 38521 21069 77059 57553 8240 94623 15446 44069 14131 86808 49636 71891 47725 15237 13212 21506 49808 55383 27786 10490 47228 94804 56819 13105 73589 24346 70879 71360 95130 25405 22101 71201 3740 55282 70251 89725 71699 44972 15826 21496 35715 29337 37993 73648 4018 78000 18136 68842 49579 71300 22295 99084 17850 47025 27821 86662 19587 238 36796 62577 18611 35976 14365 44531 87429 46050 59968 38887 87395 84712 97882 56455 1696 24819 40697 54558 50970 92427 95547 87932 60565 99283 59262 46922 32030 84591 31812 75887 49796 1399 8875 87057 21739 96027 52171 87259 8601 58155 20624 38376 79023 94550 43217 86233 82861 53829 7768 47991 16963 77625 88699 12211 50314 29202 62222 94307 86698 84493 81793 27551 23773 1813 97828 85800 59156 49781 69151 18976 22867 31684 21542 68449 33928 30690 9485 3908 83393 66983 45186 84309 31842 79289 3633 24015 90142 13834 16075 20888 16237 35318 71623 47071 37879 62341 33904 65260 66499 66171 50568 73676 47056 79834 8824 26325 33477 61133 59768 51445 79858 21327 52757 26173 34098 96959 25267 63774 65232 2876 11793 58075 11283 58797 82073 58305 95203 4234 58694 67593 61335 58701 95563 93215 25870 39739 609 37937 2916 84251 13684 30411 9701 53655 90959 3297 25936 3570 77335 18044 50984 19367 60357 5324 87511 25674 36620 57011 83226 21437 72974 29055 22994 4561 91058 91250 9550 23647 41907 49257 15530 39748 30432 6744 31922 89570 72279 49178 37900 14359 54164 66368 45554 206 52306 4671 82549 1268 71135 43807 64986 58331 5273 56600 3855 80269 80501 19230 75680 91182 69838 20199 72017 62127 81602 51193 80544 23370 66840 96530 31201 75710 32059 35050 34108 30256 29743 71938 2221 50511 25546 29306 80342 65554 14938 65242 6271 10983 15990 12864 29560 18542 26400 6635 78645 44406 59480 65375 84068 3685 69725 42311 11775 40713 29173 1022 26352 69461 19159 89657 70963 64373 17889 87899 45069 46816 70592 16038 25262 54441 34287 55386 78937 41680 42607 1205 27946 61159 22147 51313 90479 7359 71644 57368 21449 37448 930 72002 55462 45618 67081 36692 94604 84224 93300 84708 41670 1203 20670 63660 23332 65724 6774 68611 92061 61730 58486 37736 98964 65498 26069 67527 92385 67631 28178 20803 61950 47298 47079 30980 83870 84378 76206 2619 44407 37221 68562 7927 18798 26380 97303 79842 4280 55916 56458 40770 94210 77127 66192 47215 50165 65918 76053 54473 19675 19906 73641 38971 67256 40033 35171 36838 92849 17206 11286 55285 8027 35474 79112 91934 35877 8914 17017 71757 59083 59395 42434 56009 56945 43752 79862 30022 94560 59197 40366 47472 89253 71505 98650 16532 78666 66497 52966 42148 21463 57870 34816 51568 93740 25393 42027 72664 82449 34809 45174 33978 24467 9748 97970 94953 11325 50022 45758 40329 4469 86363 97597 44412 73577 95825 53852 81522 13745 50633 61918 76646 66113 28377 61417 23096 61699 7801 32525 11401 69792 13707 41187 83249 52143 32005 45704 48585 81252 52398 51604 12095 44625 61137 53268 76854 57029 20553 38314 73109 84341 13563 45788 73772 48120 95387 71726 66 63620 49672 67922 67917 26224 47170 53476 25591 14436 88935 3703 51814 29387 8931 21840 26326 74913 1849 23059 14864 79572 13790 54045 41650 33024 97883 80284 11949 87398 65314 79385 90717 20359 91972 46039 94464 68352 3932 25185 93769 4702 64350 62182 84060 31717 8341 56162 319 54856 62429 41049 51997 12697 73441 11345 25842 65247 93802 27013 70248 98282 60586 52267 82686 19875 83496 38004 37319 67578 81142 99244 51666 78296 58053 31908 81427 90476 56836 37673 43638 56570 8538 16898 76819 71396 38293 16902 62876 14348 2761 19738 90357 42646 28499 42274 15928 2105 84164 98028 56631 17060 91658 86951 30579 90286 2229 45596 30976 35260 44060 31156 39535 72674 9933 79219 19967 45494 91603 41971 80285 83802 65879 90978 3561 4972 41660 25692 42229 27332 54660 72980 27963 98788 93297 73515 33282 85264 88179 65665 86890 9940 23800 71084 53508 88186 30005 72202 37565 91654 63561 9344 40 38266 20597 38610 29676 19130 93140 40419 87000 13280 88861 24706 50621 65233 74366 59137 37539 24359 71568 81207 35980 27004 10701 48540 54505 25364 23097 71709 8632 66575 16780 92352 55128 58369 83570 68348 84172 83206 17867 4673 44669 1424 61542 98906 13186 71457 79666 31610 64665 29898 53753 45675 19511 65052 53384 31160 62382 22555 28991 14134 64335 13323 54550 13920 27498 92413 47473 36081 41629 50727 41899 36762 40017 96114 76999 98115 27563 48355 26976 2636 79479 454 3574 59909 45756 59020 58024 46025 23368 99754 96097 80916 38725 83470 2440 96600 42499 78765 92292 74182 87592 29190 70426 21212 62471 46749 45719 36862 23908 58913 56842 88813 60115 18497 97926 22399 119 25897 97012 74732 69740 49016 5470 14202 76969 23104 30966 94300 24471 31391 85186 79635 98253 97583 6532 2583 51946 32645 68509 10242 95923 88131 57930 67434 91872 2370 59037 63004 28168 75182 72320 72991 53073 58098 93851 58437 71908 35427 92882 92484 45033 5828 35296 97364 56335 44999 98705 4317 79414 36356 92537 78714 17109 55092 1188 26233 45217 97388 32303 80987 2874 67698 50043 74063 22597 82097 24837 6166 32022 99723 63346 13246 45879 75820 62345 48477 58999 22571 49277 60546 1321 76275 68904 49581 24495 63993 88782 9321 65999 52576 94621 52577 87343 24348 79705 95991 75965 62854 7861 43058 94511 70062 77311 50590 36456 56024 66485 48887 25875 80131 72436 28487 62516 8178 78864 41634 68103 18215 19275 23222 70675 67869 95785 37884 16243 36470 96861 88234 22975 86354 60519 29307 81716 64570 10583 21748 23143 9132 91816 38102 58250 32965 24790 13811 19669 65030 33610 43834 92904 13812 52998 91347 40510 16752 43927 75396 83600 98509 68757 86670 55120 34301 13421 23996 79324 20070 34496 49305 1431 61664 97431 41032 540 41506 90336 7016 42049 81446 20972 19590 10792 48480 9853 40531 14141 74511 81506 81108 27350 32165 21044 83883 18300 59109 6876 33255 40379 60797 93579 41831 54241 64821 86026 77959 91317 9248 28733 90014 86010 66415 28250 60925 46818 73005 66121 91890 50821 65396 9679 72729 35605 74934 69761 12108 20138 23238 60812 29871 86780 35670 12050 62379 93080 69446 8185 99551 52932 63266 10479 38079 83161 87552 15848 70692 51980 73172 8403 79376 12649 89685 50704 29456 62298 92098 29653 54130 31667 55441 32866 31719 12463 25308 21579 54129 83710 79354 53810 698 9753 91819 24995 52789 16385 44467 95862 33695 23730 83420 23540 63183 30111 75976 53949 70382 43523 52843 12743 31335 58451 26687 35347 79513 19385 55657 28959 34820 33804 41244 60206 35012 55145 81883 61562 89528 44890 11142 74987 9622 2592 23457 77317 45549 50958 35939 12380 60097 45344 29007 28755 53668 66385 32275 94340 1052 91341 13881 64235 23602 99148 92614 93764 68254 2797 72356 15485 6162 63033 19016 64915 87034 5336 12421 97126 41806 1965 14718 95077 71961 68555 82689 45149 25940 60176 77706 13584 87525 58959 12012 72016 65994 39331 32311 8990 41638 58531 79918 93771 20445 27582 25988 18398 80646 80667 82841 37039 90464 5927 62764 60421 57801 9742 83653 5539 36815 20691 66229 69185 49933 34878 23624 95218 35223 14514 90889 56029 48971 44662 73909 92276 8670 88822 47372 49731 80761 70983 46704 90080 80609 3025 4611 64158 57886 93838 14897 72606 9285 59694 60758 47644 41024 7679 21632 25380 90239 43450 80662 23409 2722 10484 2616 74152 21953 51701 15755 17130 85303 25950 48746 19258 41468 16111 12691 44400 20841 19489 41857 98951 88346 59256 90875 48824 16171 10789 85683 883 43138 74951 82468 6025 46650 9460 99707 57636 66168 13239 50554 67809 50319 24212 68921 7904 95152 3279 44938 97697 96182 84216 39372 80719 76637 87213 21154 31982 53736 72041 41792 87373 69818 51152 52738 8140 23369 32877 1454... (214 KB left)
